PLQY measurement:
Date: 	22.03.2023 11:28:03
Peak emission wavelength (nm): 770
 PLQY = 	 	1.10E-3
absorded light fraction (%): 82
MAYA saturard: FALSE
USB2000 saturaed: FALSE
wavelength	corrected total emission spec
6.9188E+2	-2.2587E-4
6.9210E+2	1.5654E-3
6.9232E+2	9.7995E-4
6.9255E+2	-4.4945E-4
6.9277E+2	-9.5016E-4
6.9299E+2	4.3103E-3
6.9321E+2	-3.4085E-3
6.9343E+2	3.5076E-3
6.9365E+2	3.3965E-3
6.9387E+2	1.7945E-3
6.9410E+2	-1.2686E-3
6.9432E+2	-5.3526E-4
6.9454E+2	-2.6586E-3
6.9476E+2	1.2619E-3
6.9498E+2	-8.3164E-4
6.9520E+2	-2.9840E-4
6.9542E+2	-2.4348E-3
6.9565E+2	1.1894E-3
6.9587E+2	-2.3231E-4
6.9609E+2	-2.6684E-3
6.9631E+2	1.6603E-3
6.9653E+2	-3.8671E-3
6.9675E+2	1.1029E-3
6.9697E+2	-6.5330E-4
6.9719E+2	2.9417E-4
6.9742E+2	1.3533E-3
6.9764E+2	-2.2941E-3
6.9786E+2	-3.0280E-3
6.9808E+2	3.4946E-3
6.9830E+2	8.1201E-4
6.9852E+2	3.2676E-3
6.9874E+2	-3.1228E-3
6.9896E+2	-1.2621E-5
6.9918E+2	1.7270E-3
6.9941E+2	-5.0345E-4
6.9963E+2	-7.2871E-4
6.9985E+2	2.6212E-3
7.0007E+2	1.0016E-3
7.0029E+2	2.1134E-3
7.0051E+2	-2.2474E-4
7.0073E+2	-2.4054E-3
7.0095E+2	-3.5831E-3
7.0117E+2	3.2061E-3
7.0139E+2	3.9951E-3
7.0161E+2	3.3440E-4
7.0184E+2	1.1993E-3
7.0206E+2	4.2579E-3
7.0228E+2	3.2297E-3
7.0250E+2	2.0677E-3
7.0272E+2	1.9658E-4
7.0294E+2	5.5312E-3
7.0316E+2	-2.9016E-3
7.0338E+2	-1.2229E-5
7.0360E+2	-9.0348E-4
7.0382E+2	2.8031E-4
7.0404E+2	6.0830E-5
7.0426E+2	2.2711E-3
7.0448E+2	2.3655E-3
7.0470E+2	5.0019E-3
7.0492E+2	3.6269E-3
7.0515E+2	3.3188E-3
7.0537E+2	2.9275E-3
7.0559E+2	5.9926E-3
7.0581E+2	3.5922E-3
7.0603E+2	1.7989E-3
7.0625E+2	5.9977E-3
7.0647E+2	1.5536E-3
7.0669E+2	4.8941E-4
7.0691E+2	3.5276E-3
7.0713E+2	2.2246E-3
7.0735E+2	5.4983E-3
7.0757E+2	-1.0670E-4
7.0779E+2	6.6665E-3
7.0801E+2	6.5966E-3
7.0823E+2	2.5726E-3
7.0845E+2	3.4045E-3
7.0867E+2	3.6240E-3
7.0889E+2	8.6934E-4
7.0911E+2	3.1311E-3
7.0933E+2	3.5119E-3
7.0955E+2	5.3053E-3
7.0977E+2	3.3848E-4
7.0999E+2	3.5543E-3
7.1021E+2	5.6768E-3
7.1043E+2	3.7391E-3
7.1065E+2	8.8097E-4
7.1087E+2	6.9121E-3
7.1109E+2	3.3524E-3
7.1131E+2	2.0079E-3
7.1153E+2	3.3175E-3
7.1175E+2	3.8291E-3
7.1197E+2	2.7909E-3
7.1219E+2	7.8435E-3
7.1241E+2	3.1593E-3
7.1263E+2	3.7479E-3
7.1285E+2	4.7108E-3
7.1307E+2	1.0026E-3
7.1329E+2	5.0505E-3
7.1351E+2	2.3277E-3
7.1373E+2	3.2530E-3
7.1395E+2	5.6913E-3
7.1417E+2	8.1935E-3
7.1439E+2	5.5516E-3
7.1461E+2	5.7783E-3
7.1483E+2	7.0948E-3
7.1505E+2	5.1405E-3
7.1527E+2	2.2309E-3
7.1549E+2	9.5141E-3
7.1571E+2	8.2347E-3
7.1593E+2	5.2086E-3
7.1615E+2	8.4282E-3
7.1637E+2	7.4396E-3
7.1659E+2	7.3725E-3
7.1681E+2	9.0220E-3
7.1703E+2	8.6852E-3
7.1725E+2	5.2792E-3
7.1747E+2	3.1973E-3
7.1769E+2	5.8035E-3
7.1791E+2	5.8271E-3
7.1813E+2	8.7801E-3
7.1835E+2	7.4827E-3
7.1857E+2	9.5478E-3
7.1879E+2	8.8156E-3
7.1901E+2	9.4668E-3
7.1923E+2	1.1823E-2
7.1944E+2	6.6620E-3
7.1966E+2	1.1467E-2
7.1988E+2	6.5668E-3
7.2010E+2	8.6444E-3
7.2032E+2	8.7479E-3
7.2054E+2	1.3239E-2
7.2076E+2	9.3952E-3
7.2098E+2	1.3157E-2
7.2120E+2	1.2836E-2
7.2142E+2	9.7706E-3
7.2164E+2	9.5394E-3
7.2186E+2	6.9392E-3
7.2208E+2	8.2959E-3
7.2230E+2	1.2978E-2
7.2252E+2	1.4921E-2
7.2273E+2	1.3654E-2
7.2295E+2	1.6298E-2
7.2317E+2	1.1445E-2
7.2339E+2	1.5145E-2
7.2361E+2	1.5287E-2
7.2383E+2	1.2103E-2
7.2405E+2	1.7145E-2
7.2427E+2	1.4892E-2
7.2449E+2	1.1680E-2
7.2471E+2	1.3638E-2
7.2493E+2	1.8332E-2
7.2514E+2	1.6851E-2
7.2536E+2	1.3961E-2
7.2558E+2	1.9151E-2
7.2580E+2	2.0169E-2
7.2602E+2	1.9284E-2
7.2624E+2	1.7637E-2
7.2646E+2	1.7410E-2
7.2668E+2	1.4761E-2
7.2690E+2	1.7661E-2
7.2711E+2	2.0928E-2
7.2733E+2	2.0901E-2
7.2755E+2	1.9749E-2
7.2777E+2	2.0073E-2
7.2799E+2	2.0808E-2
7.2821E+2	2.5592E-2
7.2843E+2	2.1691E-2
7.2865E+2	2.2140E-2
7.2886E+2	2.6016E-2
7.2908E+2	2.2593E-2
7.2930E+2	2.4893E-2
7.2952E+2	2.4284E-2
7.2974E+2	2.4896E-2
7.2996E+2	2.3194E-2
7.3018E+2	2.6000E-2
7.3039E+2	2.6761E-2
7.3061E+2	2.7906E-2
7.3083E+2	2.2310E-2
7.3105E+2	2.8587E-2
7.3127E+2	2.5842E-2
7.3149E+2	2.4519E-2
7.3171E+2	2.5102E-2
7.3192E+2	2.5445E-2
7.3214E+2	3.0082E-2
7.3236E+2	3.0623E-2
7.3258E+2	3.2907E-2
7.3280E+2	3.1062E-2
7.3302E+2	3.0487E-2
7.3323E+2	3.3163E-2
7.3345E+2	3.0400E-2
7.3367E+2	3.0345E-2
7.3389E+2	3.6604E-2
7.3411E+2	3.3915E-2
7.3433E+2	3.3223E-2
7.3454E+2	3.8086E-2
7.3476E+2	4.0865E-2
7.3498E+2	3.6852E-2
7.3520E+2	3.8721E-2
7.3542E+2	3.8248E-2
7.3564E+2	3.5943E-2
7.3585E+2	4.1746E-2
7.3607E+2	4.0601E-2
7.3629E+2	3.9473E-2
7.3651E+2	4.4218E-2
7.3673E+2	4.2868E-2
7.3694E+2	4.3405E-2
7.3716E+2	4.0402E-2
7.3738E+2	4.6101E-2
7.3760E+2	4.7276E-2
7.3782E+2	4.2217E-2
7.3803E+2	4.6838E-2
7.3825E+2	5.1158E-2
7.3847E+2	4.2032E-2
7.3869E+2	4.9010E-2
7.3891E+2	5.1498E-2
7.3912E+2	4.7449E-2
7.3934E+2	5.1940E-2
7.3956E+2	5.1120E-2
7.3978E+2	5.0078E-2
7.4000E+2	5.4956E-2
7.4021E+2	5.2211E-2
7.4043E+2	5.4142E-2
7.4065E+2	5.6086E-2
7.4087E+2	5.5917E-2
7.4108E+2	5.4926E-2
7.4130E+2	5.8156E-2
7.4152E+2	5.9794E-2
7.4174E+2	5.7817E-2
7.4196E+2	6.1413E-2
7.4217E+2	6.0441E-2
7.4239E+2	6.0790E-2
7.4261E+2	6.2438E-2
7.4283E+2	6.5819E-2
7.4304E+2	6.7324E-2
7.4326E+2	6.6508E-2
7.4348E+2	6.6350E-2
7.4370E+2	6.5757E-2
7.4391E+2	6.4709E-2
7.4413E+2	6.8625E-2
7.4435E+2	7.1261E-2
7.4457E+2	6.9822E-2
7.4478E+2	6.9553E-2
7.4500E+2	7.2746E-2
7.4522E+2	7.3900E-2
7.4544E+2	7.3792E-2
7.4565E+2	7.4375E-2
7.4587E+2	7.4721E-2
7.4609E+2	7.4708E-2
7.4631E+2	7.4312E-2
7.4652E+2	7.6255E-2
7.4674E+2	8.1946E-2
7.4696E+2	7.8343E-2
7.4717E+2	7.8130E-2
7.4739E+2	8.1930E-2
7.4761E+2	8.6736E-2
7.4783E+2	8.1847E-2
7.4804E+2	8.9132E-2
7.4826E+2	8.4952E-2
7.4848E+2	9.0378E-2
7.4869E+2	8.4861E-2
7.4891E+2	8.4735E-2
7.4913E+2	9.0664E-2
7.4935E+2	8.9358E-2
7.4956E+2	8.9403E-2
7.4978E+2	9.6131E-2
7.5000E+2	9.0603E-2
7.5021E+2	8.9695E-2
7.5043E+2	9.8942E-2
7.5065E+2	9.3981E-2
7.5087E+2	9.9762E-2
7.5108E+2	9.6096E-2
7.5130E+2	1.0112E-1
7.5152E+2	1.0032E-1
7.5173E+2	1.0052E-1
7.5195E+2	9.9036E-2
7.5217E+2	1.0375E-1
7.5238E+2	1.0443E-1
7.5260E+2	1.0679E-1
7.5282E+2	1.0732E-1
7.5303E+2	1.0829E-1
7.5325E+2	1.0566E-1
7.5347E+2	1.1254E-1
7.5368E+2	1.1002E-1
7.5390E+2	1.1217E-1
7.5412E+2	1.1402E-1
7.5433E+2	1.1409E-1
7.5455E+2	1.1074E-1
7.5477E+2	1.1422E-1
7.5498E+2	1.1402E-1
7.5520E+2	1.1756E-1
7.5542E+2	1.1558E-1
7.5563E+2	1.1468E-1
7.5585E+2	1.1525E-1
7.5607E+2	1.2149E-1
7.5628E+2	1.2147E-1
7.5650E+2	1.1984E-1
7.5672E+2	1.2425E-1
7.5693E+2	1.1997E-1
7.5715E+2	1.1924E-1
7.5737E+2	1.2400E-1
7.5758E+2	1.2289E-1
7.5780E+2	1.2706E-1
7.5802E+2	1.2603E-1
7.5823E+2	1.3182E-1
7.5845E+2	1.3175E-1
7.5866E+2	1.2930E-1
7.5888E+2	1.2865E-1
7.5910E+2	1.3050E-1
7.5931E+2	1.3337E-1
7.5953E+2	1.2919E-1
7.5975E+2	1.3564E-1
7.5996E+2	1.3352E-1
7.6018E+2	1.3813E-1
7.6040E+2	1.3480E-1
7.6061E+2	1.3264E-1
7.6083E+2	1.3095E-1
7.6104E+2	1.3495E-1
7.6126E+2	1.3786E-1
7.6148E+2	1.3255E-1
7.6169E+2	1.3799E-1
7.6191E+2	1.3559E-1
7.6212E+2	1.3601E-1
7.6234E+2	1.3669E-1
7.6256E+2	1.4132E-1
7.6277E+2	1.4460E-1
7.6299E+2	1.4169E-1
7.6320E+2	1.4860E-1
7.6342E+2	1.4218E-1
7.6364E+2	1.4918E-1
7.6385E+2	1.5129E-1
7.6407E+2	1.4979E-1
7.6428E+2	1.4929E-1
7.6450E+2	1.5208E-1
7.6472E+2	1.4552E-1
7.6493E+2	1.5193E-1
7.6515E+2	1.5079E-1
7.6536E+2	1.4861E-1
7.6558E+2	1.4977E-1
7.6579E+2	1.4799E-1
7.6601E+2	1.4562E-1
7.6623E+2	1.5127E-1
7.6644E+2	1.5178E-1
7.6666E+2	1.4742E-1
7.6687E+2	1.5073E-1
7.6709E+2	1.4914E-1
7.6730E+2	1.5457E-1
7.6752E+2	1.5152E-1
7.6774E+2	1.5264E-1
7.6795E+2	1.5235E-1
7.6817E+2	1.5294E-1
7.6838E+2	1.5499E-1
7.6860E+2	1.5551E-1
7.6881E+2	1.5492E-1
7.6903E+2	1.6093E-1
7.6925E+2	1.6257E-1
7.6946E+2	1.5532E-1
7.6968E+2	1.6244E-1
7.6989E+2	1.6326E-1
7.7011E+2	1.6328E-1
7.7032E+2	1.6527E-1
7.7054E+2	1.6493E-1
7.7075E+2	1.6445E-1
7.7097E+2	1.6304E-1
7.7118E+2	1.6272E-1
7.7140E+2	1.5992E-1
7.7161E+2	1.5417E-1
7.7183E+2	1.5562E-1
7.7205E+2	1.5629E-1
7.7226E+2	1.5590E-1
7.7248E+2	1.5402E-1
7.7269E+2	1.5354E-1
7.7291E+2	1.5375E-1
7.7312E+2	1.5576E-1
7.7334E+2	1.5581E-1
7.7355E+2	1.5665E-1
7.7377E+2	1.5512E-1
7.7398E+2	1.5727E-1
7.7420E+2	1.5592E-1
7.7441E+2	1.5700E-1
7.7463E+2	1.5671E-1
7.7484E+2	1.5875E-1
7.7506E+2	1.5802E-1
7.7527E+2	1.5828E-1
7.7549E+2	1.5958E-1
7.7570E+2	1.5553E-1
7.7592E+2	1.5799E-1
7.7613E+2	1.5645E-1
7.7635E+2	1.5805E-1
7.7656E+2	1.5792E-1
7.7678E+2	1.4893E-1
7.7699E+2	1.5644E-1
7.7721E+2	1.4890E-1
7.7742E+2	1.5351E-1
7.7764E+2	1.5132E-1
7.7785E+2	1.4901E-1
7.7807E+2	1.5123E-1
7.7828E+2	1.5240E-1
7.7850E+2	1.4655E-1
7.7871E+2	1.4846E-1
7.7893E+2	1.4570E-1
7.7914E+2	1.4521E-1
7.7936E+2	1.4880E-1
7.7957E+2	1.4686E-1
7.7978E+2	1.4446E-1
7.8000E+2	1.4192E-1
7.8021E+2	1.4437E-1
7.8043E+2	1.4027E-1
7.8064E+2	1.4618E-1
7.8086E+2	1.4249E-1
7.8107E+2	1.4392E-1
7.8129E+2	1.3958E-1
7.8150E+2	1.4366E-1
7.8172E+2	1.4048E-1
7.8193E+2	1.3637E-1
7.8214E+2	1.3513E-1
7.8236E+2	1.3734E-1
7.8257E+2	1.3784E-1
7.8279E+2	1.3543E-1
7.8300E+2	1.3076E-1
7.8322E+2	1.3280E-1
7.8343E+2	1.3239E-1
7.8365E+2	1.2998E-1
7.8386E+2	1.2841E-1
7.8407E+2	1.3018E-1
7.8429E+2	1.2855E-1
7.8450E+2	1.2715E-1
7.8472E+2	1.2392E-1
7.8493E+2	1.2258E-1
7.8515E+2	1.1981E-1
7.8536E+2	1.2411E-1
7.8557E+2	1.2156E-1
7.8579E+2	1.1909E-1
7.8600E+2	1.1917E-1
7.8622E+2	1.2182E-1
7.8643E+2	1.2117E-1
7.8665E+2	1.2036E-1
7.8686E+2	1.2009E-1
7.8707E+2	1.1501E-1
7.8729E+2	1.1688E-1
7.8750E+2	1.1655E-1
7.8772E+2	1.1070E-1
7.8793E+2	1.1315E-1
7.8814E+2	1.0986E-1
7.8836E+2	1.1003E-1
7.8857E+2	1.0657E-1
7.8879E+2	1.0791E-1
7.8900E+2	1.0358E-1
7.8921E+2	1.0448E-1
7.8943E+2	1.0255E-1
7.8964E+2	9.5911E-2
7.8985E+2	1.0101E-1
7.9007E+2	9.6934E-2
7.9028E+2	9.7642E-2
7.9050E+2	9.4511E-2
7.9071E+2	9.2069E-2
7.9092E+2	9.4833E-2
7.9114E+2	9.5026E-2
7.9135E+2	9.4488E-2
7.9157E+2	9.2563E-2
7.9178E+2	9.3358E-2
7.9199E+2	8.9975E-2
7.9221E+2	8.8837E-2
7.9242E+2	8.9236E-2
7.9263E+2	8.4622E-2
7.9285E+2	8.8092E-2
7.9306E+2	8.7313E-2
7.9327E+2	8.6399E-2
7.9349E+2	8.5726E-2
7.9370E+2	8.1870E-2
7.9392E+2	8.1695E-2
7.9413E+2	8.2456E-2
7.9434E+2	7.9412E-2
7.9456E+2	7.6630E-2
7.9477E+2	7.6044E-2
7.9498E+2	8.0319E-2
7.9520E+2	7.8244E-2
7.9541E+2	7.1990E-2
7.9562E+2	7.3233E-2
7.9584E+2	7.1142E-2
7.9605E+2	6.8096E-2
7.9626E+2	6.8770E-2
7.9648E+2	6.8666E-2
7.9669E+2	6.8409E-2
7.9690E+2	6.3858E-2
7.9712E+2	6.4563E-2
7.9733E+2	6.7044E-2
7.9754E+2	6.3290E-2
7.9776E+2	6.0460E-2
7.9797E+2	6.1843E-2
7.9818E+2	6.2142E-2
7.9840E+2	6.4051E-2
7.9861E+2	6.4143E-2
7.9882E+2	5.6838E-2
7.9904E+2	6.0912E-2
7.9925E+2	5.7053E-2
7.9946E+2	5.9269E-2
7.9967E+2	5.5907E-2
7.9989E+2	5.7679E-2
8.0010E+2	5.5181E-2
8.0031E+2	5.2186E-2
8.0053E+2	5.2631E-2
8.0074E+2	4.9458E-2
8.0095E+2	4.9423E-2
8.0117E+2	4.9237E-2
8.0138E+2	4.9948E-2
8.0159E+2	4.9376E-2
8.0180E+2	4.5284E-2
8.0202E+2	4.7395E-2
8.0223E+2	4.5287E-2
8.0244E+2	4.5983E-2
8.0266E+2	4.4260E-2
8.0287E+2	4.6089E-2
8.0308E+2	4.3367E-2
8.0329E+2	4.4050E-2
8.0351E+2	4.5044E-2
8.0372E+2	4.3233E-2
8.0393E+2	4.1506E-2
8.0415E+2	4.1330E-2
8.0436E+2	4.0365E-2
8.0457E+2	3.9229E-2
8.0478E+2	3.6853E-2
8.0500E+2	3.9710E-2
8.0521E+2	3.6565E-2
8.0542E+2	3.7404E-2
8.0563E+2	3.5373E-2
8.0585E+2	3.8143E-2
8.0606E+2	3.6653E-2
8.0627E+2	3.4677E-2
8.0648E+2	3.4201E-2
8.0670E+2	3.4044E-2
8.0691E+2	3.0713E-2
8.0712E+2	3.1620E-2
8.0733E+2	3.1237E-2
8.0755E+2	3.2358E-2
8.0776E+2	3.3909E-2
8.0797E+2	2.9222E-2
8.0818E+2	2.9145E-2
8.0840E+2	2.9380E-2
8.0861E+2	2.8372E-2
8.0882E+2	2.7993E-2
8.0903E+2	2.7461E-2
8.0925E+2	2.8788E-2
8.0946E+2	2.7391E-2
8.0967E+2	2.7007E-2
8.0988E+2	2.8763E-2
8.1009E+2	2.5207E-2
8.1031E+2	2.7555E-2
8.1052E+2	2.8755E-2
8.1073E+2	2.5120E-2
8.1094E+2	2.6034E-2
8.1116E+2	2.7631E-2
8.1137E+2	2.4453E-2
8.1158E+2	3.4908E-2
8.1179E+2	1.1322E-1
8.1200E+2	3.7336E-2
8.1222E+2	2.6196E-2
8.1243E+2	2.1811E-2
8.1264E+2	2.1647E-2
8.1285E+2	2.1385E-2
8.1306E+2	2.2040E-2
8.1328E+2	2.0529E-2
8.1349E+2	2.0244E-2
8.1370E+2	1.8929E-2
8.1391E+2	1.9846E-2
8.1412E+2	1.8241E-2
8.1434E+2	2.0612E-2
8.1455E+2	1.9704E-2
8.1476E+2	1.9446E-2
8.1497E+2	1.7860E-2
8.1518E+2	1.9442E-2
8.1540E+2	1.8404E-2
8.1561E+2	1.7609E-2
8.1582E+2	1.9060E-2
8.1603E+2	1.5129E-2
8.1624E+2	1.7726E-2
8.1645E+2	1.6686E-2
8.1667E+2	1.7439E-2
8.1688E+2	1.6516E-2
8.1709E+2	1.6092E-2
8.1730E+2	1.6728E-2
8.1751E+2	1.3449E-2
8.1772E+2	1.5887E-2
8.1794E+2	1.5597E-2
8.1815E+2	1.5661E-2
8.1836E+2	1.4261E-2
8.1857E+2	1.6602E-2
8.1878E+2	1.4028E-2
8.1899E+2	1.3518E-2
8.1921E+2	1.5098E-2
8.1942E+2	1.2415E-2
8.1963E+2	1.2816E-2
8.1984E+2	1.3234E-2
8.2005E+2	1.3700E-2
8.2026E+2	1.5010E-2
8.2047E+2	1.4663E-2
8.2069E+2	1.2316E-2
8.2090E+2	1.3587E-2
8.2111E+2	1.0199E-2
8.2132E+2	1.2287E-2
8.2153E+2	1.0338E-2
8.2174E+2	1.0464E-2
8.2195E+2	1.2198E-2
8.2216E+2	9.4505E-3
8.2238E+2	1.0660E-2
8.2259E+2	1.0614E-2
8.2280E+2	1.1144E-2
8.2301E+2	1.5778E-2
8.2322E+2	1.7428E-2
8.2343E+2	1.8287E-2
8.2364E+2	1.7365E-2
8.2385E+2	1.6189E-2
8.2407E+2	1.7542E-2
8.2428E+2	1.4181E-2
8.2449E+2	1.1266E-2
8.2470E+2	9.6805E-3
8.2491E+2	1.1949E-2
8.2512E+2	8.4299E-3
8.2533E+2	1.0236E-2
8.2554E+2	9.7053E-3
8.2575E+2	1.0357E-2
8.2596E+2	9.4858E-3
8.2618E+2	8.2070E-3
8.2639E+2	7.2652E-3
8.2660E+2	8.5955E-3
8.2681E+2	1.1346E-2
8.2702E+2	8.1110E-3
8.2723E+2	8.1430E-3
8.2744E+2	8.8878E-3
8.2765E+2	8.7370E-3
8.2786E+2	7.7812E-3
8.2807E+2	8.6023E-3
8.2828E+2	9.1577E-3
8.2849E+2	7.5373E-3
8.2871E+2	8.4570E-3
8.2892E+2	8.4185E-3
8.2913E+2	6.6594E-3
8.2934E+2	6.9563E-3
8.2955E+2	5.3282E-3
8.2976E+2	5.9715E-3
8.2997E+2	6.6151E-3
8.3018E+2	6.1439E-3
8.3039E+2	8.3100E-3
8.3060E+2	6.3679E-3
8.3081E+2	5.2354E-3
8.3102E+2	8.4005E-3
8.3123E+2	5.5184E-3
8.3144E+2	7.5814E-3
8.3165E+2	6.0233E-3
8.3186E+2	6.7644E-3
8.3208E+2	6.3649E-3
8.3229E+2	6.8710E-3
8.3250E+2	6.0919E-3
8.3271E+2	5.5585E-3
8.3292E+2	7.1617E-3
8.3313E+2	5.6131E-3
8.3334E+2	4.3747E-3
8.3355E+2	5.1546E-3
8.3376E+2	4.5176E-3
8.3397E+2	6.1892E-3
8.3418E+2	2.9598E-3
8.3439E+2	4.8343E-3
8.3460E+2	5.1879E-3
8.3481E+2	6.3912E-3
8.3502E+2	6.2845E-3
8.3523E+2	5.9103E-3
8.3544E+2	5.8911E-3
8.3565E+2	6.9707E-3
8.3586E+2	5.9405E-3
8.3607E+2	5.5438E-3
8.3628E+2	6.5123E-3
8.3649E+2	2.0850E-3
8.3670E+2	6.8221E-3
8.3691E+2	5.2414E-3
8.3712E+2	5.4430E-3
8.3733E+2	4.6119E-3
8.3754E+2	3.8219E-3
8.3775E+2	3.5774E-3
8.3796E+2	6.0636E-3
8.3817E+2	4.6829E-3
8.3838E+2	5.2553E-3
8.3859E+2	5.8795E-3
8.3880E+2	4.8761E-3
8.3901E+2	4.5912E-3
8.3922E+2	5.9213E-3
8.3943E+2	3.3216E-3
8.3964E+2	3.9282E-3
8.3985E+2	5.3617E-3
8.4006E+2	3.8804E-3
8.4027E+2	4.1513E-3
8.4048E+2	2.6185E-3
8.4069E+2	2.7508E-3
8.4090E+2	4.1311E-3
8.4111E+2	1.7272E-3
8.4132E+2	4.3198E-3
8.4153E+2	2.9851E-3
8.4174E+2	3.7522E-3
8.4195E+2	3.5898E-3
8.4216E+2	3.1274E-3
8.4237E+2	4.9271E-3
8.4258E+2	3.2072E-3
8.4279E+2	2.7048E-3
8.4300E+2	3.9497E-3
8.4321E+2	4.8425E-3
8.4342E+2	1.8732E-3
8.4362E+2	3.1925E-3
8.4383E+2	3.2438E-3
8.4404E+2	3.1049E-3
8.4425E+2	3.4729E-3
8.4446E+2	4.6531E-3
8.4467E+2	2.3550E-3
8.4488E+2	3.8513E-3
8.4509E+2	3.6895E-3
8.4530E+2	2.3307E-3
8.4551E+2	3.0266E-3
8.4572E+2	5.6840E-3
8.4593E+2	4.2968E-3
8.4614E+2	3.4047E-3
8.4635E+2	4.3415E-3
8.4656E+2	4.6168E-3
8.4677E+2	3.2481E-3
8.4697E+2	4.2939E-3
8.4718E+2	-7.5923E-3
8.4739E+2	-1.9849E-2
8.4760E+2	-9.3312E-3
8.4781E+2	2.4072E-3
8.4802E+2	1.5280E-3
8.4823E+2	4.5259E-3
8.4844E+2	3.2160E-3
8.4865E+2	1.9638E-3
8.4886E+2	3.3301E-3
8.4907E+2	2.4859E-3
8.4928E+2	2.8588E-3
8.4948E+2	4.5747E-3
8.4969E+2	4.0060E-3
8.4990E+2	2.2151E-3
8.5011E+2	-5.5372E-3
8.5032E+2	-3.9015E-4
8.5053E+2	3.0004E-3
8.5074E+2	2.7592E-3
8.5095E+2	3.3039E-3
8.5116E+2	2.0992E-3
8.5137E+2	1.8467E-3
8.5157E+2	3.5039E-3
8.5178E+2	3.7674E-3
8.5199E+2	2.3968E-3
8.5220E+2	2.4883E-3
8.5241E+2	2.1442E-3
8.5262E+2	1.5765E-3
8.5283E+2	1.7713E-3
8.5304E+2	2.8603E-3
8.5324E+2	1.6622E-3
8.5345E+2	2.0117E-3
8.5366E+2	2.1779E-3
8.5387E+2	3.6105E-3
8.5408E+2	9.5130E-4
8.5429E+2	2.2979E-3
8.5450E+2	3.2147E-3
8.5471E+2	2.3092E-3
8.5491E+2	1.6445E-3
8.5512E+2	1.6559E-3
8.5533E+2	3.8274E-3
