PLQY measurement:
Date: 	22.03.2023 11:27:16
Peak emission wavelength (nm): 782
 PLQY = 	 	2.40E-3
absorded light fraction (%): 81
MAYA saturard: FALSE
USB2000 saturaed: FALSE
wavelength	corrected total emission spec
6.9188E+2	1.7273E-4
6.9210E+2	1.6980E-3
6.9232E+2	2.9663E-3
6.9255E+2	1.2690E-3
6.9277E+2	-5.5426E-4
6.9299E+2	2.4649E-3
6.9321E+2	-3.0137E-3
6.9343E+2	-1.7078E-4
6.9365E+2	1.0360E-3
6.9387E+2	7.4662E-4
6.9410E+2	6.9314E-4
6.9432E+2	1.4230E-3
6.9454E+2	-1.7463E-3
6.9476E+2	2.0425E-3
6.9498E+2	2.9367E-3
6.9520E+2	-1.4660E-3
6.9542E+2	-2.3053E-3
6.9565E+2	-2.0427E-3
6.9587E+2	1.3164E-3
6.9609E+2	-3.4805E-4
6.9631E+2	1.2742E-3
6.9653E+2	8.8648E-4
6.9675E+2	2.0520E-4
6.9697E+2	-2.5748E-3
6.9719E+2	3.8370E-5
6.9742E+2	-1.3278E-3
6.9764E+2	4.5881E-3
6.9786E+2	-2.2901E-4
6.9808E+2	4.5112E-3
6.9830E+2	2.5883E-3
6.9852E+2	1.1145E-3
6.9874E+2	6.7008E-4
6.9896E+2	3.8999E-3
6.9918E+2	1.0967E-3
6.9941E+2	-8.8103E-4
6.9963E+2	-9.7999E-4
6.9985E+2	5.8821E-3
7.0007E+2	-1.2520E-4
7.0029E+2	2.8637E-3
7.0051E+2	5.6434E-3
7.0073E+2	1.5828E-3
7.0095E+2	1.2690E-3
7.0117E+2	3.5789E-3
7.0139E+2	4.2433E-3
7.0161E+2	2.3161E-3
7.0184E+2	3.1774E-3
7.0206E+2	4.0111E-3
7.0228E+2	-9.6152E-4
7.0250E+2	4.6770E-4
7.0272E+2	2.8995E-3
7.0294E+2	4.5501E-3
7.0316E+2	-5.7542E-4
7.0338E+2	4.3900E-3
7.0360E+2	6.8371E-4
7.0382E+2	4.5460E-3
7.0404E+2	1.8249E-4
7.0426E+2	2.8783E-3
7.0448E+2	4.3063E-3
7.0470E+2	6.2131E-3
7.0492E+2	1.6926E-3
7.0515E+2	2.5947E-3
7.0537E+2	3.0480E-3
7.0559E+2	5.5113E-3
7.0581E+2	3.8325E-3
7.0603E+2	6.8359E-3
7.0625E+2	9.2301E-3
7.0647E+2	6.2145E-3
7.0669E+2	3.4736E-3
7.0691E+2	5.3152E-3
7.0713E+2	5.5557E-3
7.0735E+2	9.2984E-3
7.0757E+2	5.5837E-3
7.0779E+2	5.0087E-3
7.0801E+2	6.9513E-3
7.0823E+2	3.1627E-3
7.0845E+2	4.4647E-3
7.0867E+2	4.6829E-3
7.0889E+2	2.8665E-3
7.0911E+2	7.4701E-3
7.0933E+2	5.3848E-3
7.0955E+2	3.0850E-3
7.0977E+2	4.7738E-3
7.0999E+2	4.9527E-3
7.1021E+2	9.6320E-3
7.1043E+2	8.2679E-3
7.1065E+2	3.7789E-3
7.1087E+2	1.1891E-2
7.1109E+2	6.4735E-3
7.1131E+2	4.8927E-3
7.1153E+2	7.3491E-3
7.1175E+2	1.0268E-2
7.1197E+2	5.7770E-3
7.1219E+2	9.5635E-3
7.1241E+2	5.7921E-3
7.1263E+2	1.0489E-2
7.1285E+2	5.6233E-3
7.1307E+2	7.9522E-3
7.1329E+2	7.8942E-3
7.1351E+2	8.0051E-3
7.1373E+2	6.8801E-3
7.1395E+2	8.0674E-3
7.1417E+2	1.1810E-2
7.1439E+2	8.8238E-3
7.1461E+2	8.1436E-3
7.1483E+2	1.2604E-2
7.1505E+2	1.2324E-2
7.1527E+2	9.7420E-3
7.1549E+2	1.0969E-2
7.1571E+2	1.0693E-2
7.1593E+2	1.2235E-2
7.1615E+2	1.3884E-2
7.1637E+2	1.0109E-2
7.1659E+2	1.1925E-2
7.1681E+2	1.7335E-2
7.1703E+2	1.4438E-2
7.1725E+2	1.0801E-2
7.1747E+2	1.4223E-2
7.1769E+2	1.5825E-2
7.1791E+2	1.3523E-2
7.1813E+2	1.4048E-2
7.1835E+2	1.3289E-2
7.1857E+2	1.6329E-2
7.1879E+2	1.1984E-2
7.1901E+2	1.4484E-2
7.1923E+2	1.3021E-2
7.1944E+2	1.6008E-2
7.1966E+2	1.4831E-2
7.1988E+2	1.4911E-2
7.2010E+2	1.6975E-2
7.2032E+2	1.5444E-2
7.2054E+2	1.5826E-2
7.2076E+2	1.1655E-2
7.2098E+2	2.1327E-2
7.2120E+2	2.0885E-2
7.2142E+2	1.8555E-2
7.2164E+2	1.8416E-2
7.2186E+2	1.8789E-2
7.2208E+2	1.9066E-2
7.2230E+2	2.1495E-2
7.2252E+2	1.9916E-2
7.2273E+2	1.9064E-2
7.2295E+2	2.4029E-2
7.2317E+2	2.2129E-2
7.2339E+2	2.2643E-2
7.2361E+2	2.5302E-2
7.2383E+2	2.6941E-2
7.2405E+2	2.2923E-2
7.2427E+2	2.4645E-2
7.2449E+2	2.5297E-2
7.2471E+2	2.5142E-2
7.2493E+2	2.5223E-2
7.2514E+2	2.6231E-2
7.2536E+2	2.5509E-2
7.2558E+2	2.8711E-2
7.2580E+2	2.7016E-2
7.2602E+2	3.1712E-2
7.2624E+2	2.9423E-2
7.2646E+2	2.9588E-2
7.2668E+2	2.6306E-2
7.2690E+2	2.8776E-2
7.2711E+2	3.0174E-2
7.2733E+2	3.1157E-2
7.2755E+2	3.2853E-2
7.2777E+2	3.2038E-2
7.2799E+2	3.4796E-2
7.2821E+2	3.6702E-2
7.2843E+2	3.3391E-2
7.2865E+2	3.4633E-2
7.2886E+2	3.8791E-2
7.2908E+2	3.5353E-2
7.2930E+2	3.4802E-2
7.2952E+2	3.7506E-2
7.2974E+2	3.7692E-2
7.2996E+2	3.7375E-2
7.3018E+2	4.0366E-2
7.3039E+2	4.1306E-2
7.3061E+2	4.2825E-2
7.3083E+2	3.9602E-2
7.3105E+2	4.2855E-2
7.3127E+2	3.8500E-2
7.3149E+2	4.1635E-2
7.3171E+2	4.6459E-2
7.3192E+2	4.3889E-2
7.3214E+2	4.6118E-2
7.3236E+2	4.5545E-2
7.3258E+2	4.8107E-2
7.3280E+2	4.6042E-2
7.3302E+2	4.8588E-2
7.3323E+2	5.1626E-2
7.3345E+2	5.1281E-2
7.3367E+2	5.0418E-2
7.3389E+2	5.1661E-2
7.3411E+2	5.0897E-2
7.3433E+2	5.1929E-2
7.3454E+2	5.3550E-2
7.3476E+2	5.4749E-2
7.3498E+2	5.6635E-2
7.3520E+2	5.6440E-2
7.3542E+2	5.8932E-2
7.3564E+2	5.8039E-2
7.3585E+2	6.5634E-2
7.3607E+2	6.1094E-2
7.3629E+2	6.3585E-2
7.3651E+2	6.2055E-2
7.3673E+2	6.4598E-2
7.3694E+2	7.0831E-2
7.3716E+2	6.4062E-2
7.3738E+2	6.7828E-2
7.3760E+2	7.0396E-2
7.3782E+2	6.9761E-2
7.3803E+2	7.1015E-2
7.3825E+2	7.1696E-2
7.3847E+2	7.2663E-2
7.3869E+2	7.6480E-2
7.3891E+2	7.6941E-2
7.3912E+2	7.5764E-2
7.3934E+2	7.7952E-2
7.3956E+2	7.5494E-2
7.3978E+2	7.6297E-2
7.4000E+2	7.8049E-2
7.4021E+2	7.9184E-2
7.4043E+2	8.4983E-2
7.4065E+2	8.1106E-2
7.4087E+2	8.6838E-2
7.4108E+2	8.6553E-2
7.4130E+2	8.5104E-2
7.4152E+2	8.4292E-2
7.4174E+2	8.5780E-2
7.4196E+2	9.0065E-2
7.4217E+2	9.4029E-2
7.4239E+2	9.3409E-2
7.4261E+2	9.3808E-2
7.4283E+2	9.9425E-2
7.4304E+2	9.9044E-2
7.4326E+2	9.9908E-2
7.4348E+2	1.0071E-1
7.4370E+2	9.9523E-2
7.4391E+2	9.8690E-2
7.4413E+2	1.0273E-1
7.4435E+2	1.0033E-1
7.4457E+2	1.1005E-1
7.4478E+2	1.0459E-1
7.4500E+2	1.1070E-1
7.4522E+2	1.0441E-1
7.4544E+2	1.1270E-1
7.4565E+2	1.0577E-1
7.4587E+2	1.1531E-1
7.4609E+2	1.1300E-1
7.4631E+2	1.1593E-1
7.4652E+2	1.1860E-1
7.4674E+2	1.1942E-1
7.4696E+2	1.2099E-1
7.4717E+2	1.2499E-1
7.4739E+2	1.2686E-1
7.4761E+2	1.2531E-1
7.4783E+2	1.2742E-1
7.4804E+2	1.2969E-1
7.4826E+2	1.3548E-1
7.4848E+2	1.3891E-1
7.4869E+2	1.3446E-1
7.4891E+2	1.3531E-1
7.4913E+2	1.3564E-1
7.4935E+2	1.3915E-1
7.4956E+2	1.4051E-1
7.4978E+2	1.4317E-1
7.5000E+2	1.3992E-1
7.5021E+2	1.3980E-1
7.5043E+2	1.4055E-1
7.5065E+2	1.3898E-1
7.5087E+2	1.4538E-1
7.5108E+2	1.4934E-1
7.5130E+2	1.4740E-1
7.5152E+2	1.4876E-1
7.5173E+2	1.5368E-1
7.5195E+2	1.5271E-1
7.5217E+2	1.6290E-1
7.5238E+2	1.5761E-1
7.5260E+2	1.6015E-1
7.5282E+2	1.6170E-1
7.5303E+2	1.6377E-1
7.5325E+2	1.6886E-1
7.5347E+2	1.6965E-1
7.5368E+2	1.7408E-1
7.5390E+2	1.7392E-1
7.5412E+2	1.7305E-1
7.5433E+2	1.7328E-1
7.5455E+2	1.7580E-1
7.5477E+2	1.7518E-1
7.5498E+2	1.8135E-1
7.5520E+2	1.7934E-1
7.5542E+2	1.8319E-1
7.5563E+2	1.8151E-1
7.5585E+2	1.8873E-1
7.5607E+2	1.8922E-1
7.5628E+2	1.8678E-1
7.5650E+2	1.8928E-1
7.5672E+2	1.9241E-1
7.5693E+2	1.8703E-1
7.5715E+2	1.9114E-1
7.5737E+2	1.9703E-1
7.5758E+2	2.0293E-1
7.5780E+2	2.0237E-1
7.5802E+2	2.0171E-1
7.5823E+2	2.0369E-1
7.5845E+2	2.0948E-1
7.5866E+2	2.1001E-1
7.5888E+2	2.1148E-1
7.5910E+2	2.1631E-1
7.5931E+2	2.1497E-1
7.5953E+2	2.1358E-1
7.5975E+2	2.1307E-1
7.5996E+2	2.1359E-1
7.6018E+2	2.1844E-1
7.6040E+2	2.1612E-1
7.6061E+2	2.1940E-1
7.6083E+2	2.2257E-1
7.6104E+2	2.2103E-1
7.6126E+2	2.2646E-1
7.6148E+2	2.1856E-1
7.6169E+2	2.2957E-1
7.6191E+2	2.2966E-1
7.6212E+2	2.2881E-1
7.6234E+2	2.3365E-1
7.6256E+2	2.3033E-1
7.6277E+2	2.4083E-1
7.6299E+2	2.3833E-1
7.6320E+2	2.4557E-1
7.6342E+2	2.4525E-1
7.6364E+2	2.4434E-1
7.6385E+2	2.4638E-1
7.6407E+2	2.5400E-1
7.6428E+2	2.5296E-1
7.6450E+2	2.5377E-1
7.6472E+2	2.5286E-1
7.6493E+2	2.5150E-1
7.6515E+2	2.5366E-1
7.6536E+2	2.5881E-1
7.6558E+2	2.5775E-1
7.6579E+2	2.5932E-1
7.6601E+2	2.6043E-1
7.6623E+2	2.5394E-1
7.6644E+2	2.5422E-1
7.6666E+2	2.6371E-1
7.6687E+2	2.6489E-1
7.6709E+2	2.6925E-1
7.6730E+2	2.7102E-1
7.6752E+2	2.7148E-1
7.6774E+2	2.7234E-1
7.6795E+2	2.7132E-1
7.6817E+2	2.8137E-1
7.6838E+2	2.7460E-1
7.6860E+2	2.6997E-1
7.6881E+2	2.7790E-1
7.6903E+2	2.8471E-1
7.6925E+2	2.8830E-1
7.6946E+2	2.9172E-1
7.6968E+2	2.9574E-1
7.6989E+2	2.9676E-1
7.7011E+2	2.9930E-1
7.7032E+2	3.0297E-1
7.7054E+2	3.0710E-1
7.7075E+2	2.9608E-1
7.7097E+2	2.9604E-1
7.7118E+2	2.9893E-1
7.7140E+2	2.9164E-1
7.7161E+2	2.9731E-1
7.7183E+2	3.0109E-1
7.7205E+2	2.9519E-1
7.7226E+2	3.0884E-1
7.7248E+2	2.9943E-1
7.7269E+2	3.0315E-1
7.7291E+2	2.9837E-1
7.7312E+2	2.9987E-1
7.7334E+2	3.0348E-1
7.7355E+2	3.0256E-1
7.7377E+2	3.0856E-1
7.7398E+2	3.1133E-1
7.7420E+2	3.1675E-1
7.7441E+2	3.1531E-1
7.7463E+2	3.2052E-1
7.7484E+2	3.1703E-1
7.7506E+2	3.2567E-1
7.7527E+2	3.1955E-1
7.7549E+2	3.2385E-1
7.7570E+2	3.2591E-1
7.7592E+2	3.2120E-1
7.7613E+2	3.2772E-1
7.7635E+2	3.2768E-1
7.7656E+2	3.2673E-1
7.7678E+2	3.2634E-1
7.7699E+2	3.2841E-1
7.7721E+2	3.2178E-1
7.7742E+2	3.2860E-1
7.7764E+2	3.1685E-1
7.7785E+2	3.1589E-1
7.7807E+2	3.2795E-1
7.7828E+2	3.2451E-1
7.7850E+2	3.2652E-1
7.7871E+2	3.1907E-1
7.7893E+2	3.1472E-1
7.7914E+2	3.3234E-1
7.7936E+2	3.2839E-1
7.7957E+2	3.3063E-1
7.7978E+2	3.3177E-1
7.8000E+2	3.2762E-1
7.8021E+2	3.3093E-1
7.8043E+2	3.3068E-1
7.8064E+2	3.2939E-1
7.8086E+2	3.2650E-1
7.8107E+2	3.3080E-1
7.8129E+2	3.3166E-1
7.8150E+2	3.3195E-1
7.8172E+2	3.3110E-1
7.8193E+2	3.3495E-1
7.8214E+2	3.2859E-1
7.8236E+2	3.3075E-1
7.8257E+2	3.3079E-1
7.8279E+2	3.2905E-1
7.8300E+2	3.2935E-1
7.8322E+2	3.3056E-1
7.8343E+2	3.2744E-1
7.8365E+2	3.2706E-1
7.8386E+2	3.2314E-1
7.8407E+2	3.2584E-1
7.8429E+2	3.1927E-1
7.8450E+2	3.1921E-1
7.8472E+2	3.1985E-1
7.8493E+2	3.1929E-1
7.8515E+2	3.2017E-1
7.8536E+2	3.2359E-1
7.8557E+2	3.2396E-1
7.8579E+2	3.2111E-1
7.8600E+2	3.2791E-1
7.8622E+2	3.2665E-1
7.8643E+2	3.2552E-1
7.8665E+2	3.2410E-1
7.8686E+2	3.2834E-1
7.8707E+2	3.2662E-1
7.8729E+2	3.2042E-1
7.8750E+2	3.1867E-1
7.8772E+2	3.1832E-1
7.8793E+2	3.1270E-1
7.8814E+2	3.1221E-1
7.8836E+2	3.1631E-1
7.8857E+2	3.0679E-1
7.8879E+2	3.1181E-1
7.8900E+2	3.0540E-1
7.8921E+2	3.0288E-1
7.8943E+2	2.9955E-1
7.8964E+2	3.0286E-1
7.8985E+2	2.9998E-1
7.9007E+2	2.9956E-1
7.9028E+2	2.9724E-1
7.9050E+2	2.9318E-1
7.9071E+2	2.9510E-1
7.9092E+2	2.9660E-1
7.9114E+2	2.8915E-1
7.9135E+2	2.9243E-1
7.9157E+2	2.8801E-1
7.9178E+2	2.9556E-1
7.9199E+2	2.8729E-1
7.9221E+2	2.9167E-1
7.9242E+2	2.9003E-1
7.9263E+2	2.8952E-1
7.9285E+2	2.8707E-1
7.9306E+2	2.8177E-1
7.9327E+2	2.8530E-1
7.9349E+2	2.8014E-1
7.9370E+2	2.8306E-1
7.9392E+2	2.7385E-1
7.9413E+2	2.7509E-1
7.9434E+2	2.7395E-1
7.9456E+2	2.7085E-1
7.9477E+2	2.6578E-1
7.9498E+2	2.6995E-1
7.9520E+2	2.6363E-1
7.9541E+2	2.5775E-1
7.9562E+2	2.5773E-1
7.9584E+2	2.5954E-1
7.9605E+2	2.5242E-1
7.9626E+2	2.4722E-1
7.9648E+2	2.4941E-1
7.9669E+2	2.4447E-1
7.9690E+2	2.4189E-1
7.9712E+2	2.4033E-1
7.9733E+2	2.4184E-1
7.9754E+2	2.4038E-1
7.9776E+2	2.3513E-1
7.9797E+2	2.3268E-1
7.9818E+2	2.3476E-1
7.9840E+2	2.2986E-1
7.9861E+2	2.3752E-1
7.9882E+2	2.2137E-1
7.9904E+2	2.2834E-1
7.9925E+2	2.2221E-1
7.9946E+2	2.1928E-1
7.9967E+2	2.2130E-1
7.9989E+2	2.1904E-1
8.0010E+2	2.1351E-1
8.0031E+2	2.1435E-1
8.0053E+2	2.0927E-1
8.0074E+2	2.0648E-1
8.0095E+2	2.0301E-1
8.0117E+2	1.9893E-1
8.0138E+2	1.9936E-1
8.0159E+2	1.9499E-1
8.0180E+2	1.9093E-1
8.0202E+2	1.8987E-1
8.0223E+2	1.9124E-1
8.0244E+2	1.9140E-1
8.0266E+2	1.8277E-1
8.0287E+2	1.8198E-1
8.0308E+2	1.7756E-1
8.0329E+2	1.7841E-1
8.0351E+2	1.7682E-1
8.0372E+2	1.7343E-1
8.0393E+2	1.7374E-1
8.0415E+2	1.7410E-1
8.0436E+2	1.6982E-1
8.0457E+2	1.7086E-1
8.0478E+2	1.6618E-1
8.0500E+2	1.6548E-1
8.0521E+2	1.6300E-1
8.0542E+2	1.6041E-1
8.0563E+2	1.5712E-1
8.0585E+2	1.6390E-1
8.0606E+2	1.5336E-1
8.0627E+2	1.5641E-1
8.0648E+2	1.5043E-1
8.0670E+2	1.4835E-1
8.0691E+2	1.4921E-1
8.0712E+2	1.4387E-1
8.0733E+2	1.4280E-1
8.0755E+2	1.4207E-1
8.0776E+2	1.3906E-1
8.0797E+2	1.3556E-1
8.0818E+2	1.3333E-1
8.0840E+2	1.3510E-1
8.0861E+2	1.2991E-1
8.0882E+2	1.2990E-1
8.0903E+2	1.2814E-1
8.0925E+2	1.2487E-1
8.0946E+2	1.2501E-1
8.0967E+2	1.2379E-1
8.0988E+2	1.2470E-1
8.1009E+2	1.2305E-1
8.1031E+2	1.1806E-1
8.1052E+2	1.2269E-1
8.1073E+2	1.1986E-1
8.1094E+2	1.1522E-1
8.1116E+2	1.1554E-1
8.1137E+2	1.1081E-1
8.1158E+2	1.1164E-1
8.1179E+2	1.0608E-1
8.1200E+2	1.0710E-1
8.1222E+2	1.0749E-1
8.1243E+2	1.0086E-1
8.1264E+2	1.0059E-1
8.1285E+2	1.0078E-1
8.1306E+2	9.8058E-2
8.1328E+2	9.8029E-2
8.1349E+2	9.6851E-2
8.1370E+2	9.6282E-2
8.1391E+2	9.3094E-2
8.1412E+2	9.2055E-2
8.1434E+2	8.9055E-2
8.1455E+2	8.5931E-2
8.1476E+2	8.6605E-2
8.1497E+2	8.6084E-2
8.1518E+2	8.4429E-2
8.1540E+2	8.2269E-2
8.1561E+2	8.4278E-2
8.1582E+2	8.3642E-2
8.1603E+2	7.7504E-2
8.1624E+2	8.0008E-2
8.1645E+2	7.8333E-2
8.1667E+2	7.6173E-2
8.1688E+2	7.6187E-2
8.1709E+2	7.2121E-2
8.1730E+2	7.4411E-2
8.1751E+2	7.3507E-2
8.1772E+2	7.1709E-2
8.1794E+2	7.1090E-2
8.1815E+2	7.1546E-2
8.1836E+2	6.7178E-2
8.1857E+2	6.6262E-2
8.1878E+2	6.7384E-2
8.1899E+2	6.4750E-2
8.1921E+2	6.1753E-2
8.1942E+2	5.9107E-2
8.1963E+2	6.1997E-2
8.1984E+2	6.0956E-2
8.2005E+2	5.9426E-2
8.2026E+2	5.8630E-2
8.2047E+2	5.8624E-2
8.2069E+2	5.4524E-2
8.2090E+2	5.4104E-2
8.2111E+2	5.1770E-2
8.2132E+2	5.5328E-2
8.2153E+2	5.3955E-2
8.2174E+2	5.1619E-2
8.2195E+2	5.3453E-2
8.2216E+2	5.0990E-2
8.2238E+2	5.0458E-2
8.2259E+2	5.1582E-2
8.2280E+2	4.7755E-2
8.2301E+2	5.4927E-2
8.2322E+2	5.5372E-2
8.2343E+2	5.5560E-2
8.2364E+2	5.3139E-2
8.2385E+2	5.1472E-2
8.2407E+2	5.3289E-2
8.2428E+2	4.8137E-2
8.2449E+2	4.3667E-2
8.2470E+2	4.4080E-2
8.2491E+2	4.4854E-2
8.2512E+2	4.2800E-2
8.2533E+2	4.2048E-2
8.2554E+2	4.1209E-2
8.2575E+2	3.9780E-2
8.2596E+2	4.0436E-2
8.2618E+2	3.8319E-2
8.2639E+2	3.6834E-2
8.2660E+2	3.6205E-2
8.2681E+2	3.7411E-2
8.2702E+2	3.5875E-2
8.2723E+2	3.4481E-2
8.2744E+2	3.4155E-2
8.2765E+2	3.4995E-2
8.2786E+2	3.2855E-2
8.2807E+2	3.1726E-2
8.2828E+2	3.5037E-2
8.2849E+2	3.0408E-2
8.2871E+2	3.2494E-2
8.2892E+2	3.2564E-2
8.2913E+2	2.8916E-2
8.2934E+2	3.0144E-2
8.2955E+2	2.9329E-2
8.2976E+2	3.0315E-2
8.2997E+2	2.8313E-2
8.3018E+2	2.7601E-2
8.3039E+2	3.0873E-2
8.3060E+2	2.7340E-2
8.3081E+2	2.5205E-2
8.3102E+2	2.9768E-2
8.3123E+2	2.7288E-2
8.3144E+2	2.5599E-2
8.3165E+2	2.5964E-2
8.3186E+2	2.6292E-2
8.3208E+2	2.6821E-2
8.3229E+2	2.5217E-2
8.3250E+2	2.2796E-2
8.3271E+2	2.3483E-2
8.3292E+2	2.5139E-2
8.3313E+2	2.2826E-2
8.3334E+2	2.3682E-2
8.3355E+2	2.1015E-2
8.3376E+2	1.9907E-2
8.3397E+2	2.0817E-2
8.3418E+2	2.1604E-2
8.3439E+2	2.1609E-2
8.3460E+2	1.9861E-2
8.3481E+2	1.7800E-2
8.3502E+2	2.0716E-2
8.3523E+2	1.8592E-2
8.3544E+2	1.8452E-2
8.3565E+2	1.9877E-2
8.3586E+2	1.8728E-2
8.3607E+2	1.8677E-2
8.3628E+2	1.9584E-2
8.3649E+2	1.7592E-2
8.3670E+2	1.8492E-2
8.3691E+2	1.7605E-2
8.3712E+2	1.6236E-2
8.3733E+2	1.6562E-2
8.3754E+2	1.6813E-2
8.3775E+2	1.7609E-2
8.3796E+2	1.7774E-2
8.3817E+2	1.5579E-2
8.3838E+2	1.5916E-2
8.3859E+2	1.7117E-2
8.3880E+2	1.6053E-2
8.3901E+2	1.4839E-2
8.3922E+2	1.7208E-2
8.3943E+2	1.6052E-2
8.3964E+2	1.3011E-2
8.3985E+2	1.3922E-2
8.4006E+2	1.3827E-2
8.4027E+2	1.1436E-2
8.4048E+2	1.3486E-2
8.4069E+2	1.0033E-2
8.4090E+2	1.4358E-2
8.4111E+2	1.1547E-2
8.4132E+2	1.2001E-2
8.4153E+2	1.0895E-2
8.4174E+2	1.1083E-2
8.4195E+2	1.2766E-2
8.4216E+2	1.2187E-2
8.4237E+2	1.1908E-2
8.4258E+2	1.2264E-2
8.4279E+2	1.1067E-2
8.4300E+2	1.2195E-2
8.4321E+2	1.3144E-2
8.4342E+2	1.0288E-2
8.4362E+2	1.0223E-2
8.4383E+2	1.0273E-2
8.4404E+2	1.0133E-2
8.4425E+2	1.0672E-2
8.4446E+2	1.1333E-2
8.4467E+2	1.0474E-2
8.4488E+2	1.0069E-2
8.4509E+2	1.0827E-2
8.4530E+2	1.1596E-2
8.4551E+2	1.0392E-2
8.4572E+2	1.0114E-2
8.4593E+2	1.0969E-2
8.4614E+2	9.0984E-3
8.4635E+2	8.8268E-3
8.4656E+2	8.9864E-3
8.4677E+2	9.4570E-3
8.4697E+2	9.6397E-3
8.4718E+2	-6.9543E-4
8.4739E+2	-1.4677E-2
8.4760E+2	-4.5047E-3
8.4781E+2	7.4053E-3
8.4802E+2	8.5360E-3
8.4823E+2	6.5362E-3
8.4844E+2	8.0974E-3
8.4865E+2	5.4665E-3
8.4886E+2	9.3586E-3
8.4907E+2	9.2603E-3
8.4928E+2	7.4511E-3
8.4948E+2	9.5109E-3
8.4969E+2	8.9991E-3
8.4990E+2	8.4128E-3
8.5011E+2	7.1726E-4
8.5032E+2	3.9704E-3
8.5053E+2	5.0084E-3
8.5074E+2	8.9546E-3
8.5095E+2	6.4013E-3
8.5116E+2	5.7125E-3
8.5137E+2	7.2951E-3
8.5157E+2	8.0344E-3
8.5178E+2	5.7171E-3
8.5199E+2	6.8118E-3
8.5220E+2	7.1898E-3
8.5241E+2	7.0173E-3
8.5262E+2	6.2773E-3
8.5283E+2	7.1597E-3
8.5304E+2	5.8409E-3
8.5324E+2	5.9037E-3
8.5345E+2	6.7115E-3
8.5366E+2	5.6166E-3
8.5387E+2	6.3614E-3
8.5408E+2	4.0459E-3
8.5429E+2	6.1947E-3
8.5450E+2	5.2203E-3
8.5471E+2	4.7159E-3
8.5491E+2	5.4262E-3
8.5512E+2	6.1251E-3
8.5533E+2	5.8327E-3
