PLQY measurement:
Date: 	29.03.2023 12:34:08
Peak emission wavelength (nm): 776
 PLQY = 	 	1.77E-2
absorded light fraction (%): 85
MAYA saturard: FALSE
USB2000 saturaed: FALSE
wavelength	corrected total emission spec
6.7833E+2	4.5910E-3
6.7856E+2	-1.6201E-3
6.7878E+2	-7.1437E-4
6.7900E+2	1.7031E-3
6.7922E+2	3.6909E-3
6.7945E+2	1.3491E-3
6.7967E+2	4.7210E-3
6.7989E+2	2.7917E-3
6.8011E+2	1.2853E-3
6.8034E+2	4.5702E-3
6.8056E+2	5.0948E-3
6.8078E+2	-1.0638E-3
6.8100E+2	2.2534E-3
6.8123E+2	-4.7283E-4
6.8145E+2	8.3531E-3
6.8167E+2	1.7563E-3
6.8189E+2	1.7828E-3
6.8212E+2	-1.0395E-3
6.8234E+2	4.4778E-3
6.8256E+2	5.6763E-3
6.8278E+2	-3.3451E-3
6.8300E+2	2.1228E-4
6.8323E+2	1.2432E-3
6.8345E+2	5.8668E-3
6.8367E+2	3.3790E-4
6.8389E+2	-1.4063E-4
6.8412E+2	-2.0078E-3
6.8434E+2	2.2005E-3
6.8456E+2	3.0922E-3
6.8478E+2	3.8013E-3
6.8500E+2	1.8140E-3
6.8523E+2	1.1715E-2
6.8545E+2	2.9896E-3
6.8567E+2	3.3454E-3
6.8589E+2	4.2150E-3
6.8611E+2	2.7409E-3
6.8634E+2	1.9623E-3
6.8656E+2	6.0147E-3
6.8678E+2	3.2243E-3
6.8700E+2	2.6139E-3
6.8722E+2	1.0437E-3
6.8745E+2	4.8531E-3
6.8767E+2	5.6660E-3
6.8789E+2	4.8392E-3
6.8811E+2	5.5958E-4
6.8833E+2	1.4987E-4
6.8856E+2	1.7817E-3
6.8878E+2	4.2249E-3
6.8900E+2	2.5500E-3
6.8922E+2	2.8569E-3
6.8944E+2	-2.3113E-3
6.8966E+2	4.9924E-4
6.8989E+2	2.5068E-3
6.9011E+2	2.4490E-3
6.9033E+2	5.3326E-3
6.9055E+2	5.9803E-3
6.9077E+2	-2.2500E-3
6.9099E+2	3.8245E-3
6.9122E+2	9.5177E-3
6.9144E+2	5.7166E-3
6.9166E+2	3.1660E-3
6.9188E+2	5.3147E-3
6.9210E+2	3.7144E-3
6.9232E+2	3.5490E-3
6.9255E+2	7.0723E-3
6.9277E+2	6.1892E-3
6.9299E+2	7.4606E-3
6.9321E+2	4.5666E-3
6.9343E+2	4.6768E-3
6.9365E+2	2.2032E-3
6.9387E+2	3.4318E-3
6.9410E+2	6.7876E-3
6.9432E+2	3.6424E-3
6.9454E+2	4.7828E-3
6.9476E+2	3.7728E-3
6.9498E+2	1.0681E-2
6.9520E+2	7.3691E-3
6.9542E+2	1.6189E-3
6.9565E+2	3.4777E-3
6.9587E+2	1.8714E-3
6.9609E+2	9.7197E-3
6.9631E+2	7.3618E-3
6.9653E+2	8.2610E-3
6.9675E+2	3.4114E-3
6.9697E+2	5.9438E-3
6.9719E+2	2.1103E-3
6.9742E+2	4.8516E-3
6.9764E+2	4.3715E-3
6.9786E+2	9.1857E-3
6.9808E+2	5.3880E-3
6.9830E+2	5.0624E-3
6.9852E+2	6.3960E-3
6.9874E+2	6.3847E-3
6.9896E+2	6.9037E-3
6.9918E+2	3.2020E-3
6.9941E+2	6.4567E-3
6.9963E+2	5.9930E-3
6.9985E+2	7.6003E-3
7.0007E+2	9.9034E-3
7.0029E+2	6.1151E-3
7.0051E+2	8.3652E-3
7.0073E+2	5.4963E-3
7.0095E+2	6.9298E-3
7.0117E+2	4.9955E-3
7.0139E+2	5.6577E-3
7.0161E+2	6.1555E-3
7.0184E+2	8.9882E-3
7.0206E+2	7.1335E-3
7.0228E+2	9.3563E-3
7.0250E+2	8.0124E-3
7.0272E+2	4.4967E-3
7.0294E+2	6.8435E-3
7.0316E+2	7.8967E-3
7.0338E+2	8.7312E-3
7.0360E+2	7.8017E-3
7.0382E+2	1.2114E-2
7.0404E+2	1.2531E-2
7.0426E+2	5.3437E-3
7.0448E+2	9.4375E-3
7.0470E+2	7.3636E-3
7.0492E+2	8.9464E-3
7.0515E+2	1.0210E-2
7.0537E+2	8.4212E-3
7.0559E+2	8.2789E-3
7.0581E+2	6.8360E-3
7.0603E+2	4.9170E-3
7.0625E+2	7.5660E-3
7.0647E+2	7.2542E-3
7.0669E+2	1.2235E-2
7.0691E+2	5.0411E-3
7.0713E+2	9.1127E-3
7.0735E+2	7.8140E-3
7.0757E+2	1.1250E-2
7.0779E+2	7.3296E-3
7.0801E+2	9.4339E-3
7.0823E+2	1.1187E-2
7.0845E+2	9.3534E-3
7.0867E+2	1.1660E-2
7.0889E+2	1.1724E-2
7.0911E+2	7.7867E-3
7.0933E+2	9.2596E-3
7.0955E+2	1.4841E-2
7.0977E+2	1.5127E-2
7.0999E+2	1.0675E-2
7.1021E+2	1.0493E-2
7.1043E+2	1.2088E-2
7.1065E+2	1.0340E-2
7.1087E+2	1.4253E-2
7.1109E+2	1.6565E-2
7.1131E+2	1.6640E-2
7.1153E+2	1.3293E-2
7.1175E+2	1.1579E-2
7.1197E+2	1.4758E-2
7.1219E+2	1.1880E-2
7.1241E+2	1.6335E-2
7.1263E+2	1.8248E-2
7.1285E+2	1.2102E-2
7.1307E+2	1.5540E-2
7.1329E+2	1.3138E-2
7.1351E+2	1.7668E-2
7.1373E+2	1.8079E-2
7.1395E+2	1.6395E-2
7.1417E+2	1.6647E-2
7.1439E+2	1.5052E-2
7.1461E+2	1.8135E-2
7.1483E+2	1.9564E-2
7.1505E+2	1.8474E-2
7.1527E+2	2.1805E-2
7.1549E+2	1.8804E-2
7.1571E+2	2.2056E-2
7.1593E+2	2.0255E-2
7.1615E+2	1.6611E-2
7.1637E+2	1.9194E-2
7.1659E+2	2.2040E-2
7.1681E+2	1.8598E-2
7.1703E+2	1.9118E-2
7.1725E+2	2.1680E-2
7.1747E+2	2.2988E-2
7.1769E+2	2.4139E-2
7.1791E+2	1.9581E-2
7.1813E+2	2.3750E-2
7.1835E+2	2.1473E-2
7.1857E+2	2.2213E-2
7.1879E+2	2.6993E-2
7.1901E+2	2.3143E-2
7.1923E+2	2.7980E-2
7.1944E+2	2.7789E-2
7.1966E+2	2.2881E-2
7.1988E+2	2.5411E-2
7.2010E+2	2.7740E-2
7.2032E+2	2.8350E-2
7.2054E+2	3.1329E-2
7.2076E+2	2.7109E-2
7.2098E+2	2.8443E-2
7.2120E+2	2.9052E-2
7.2142E+2	2.7758E-2
7.2164E+2	2.8928E-2
7.2186E+2	3.1483E-2
7.2208E+2	3.4101E-2
7.2230E+2	3.2865E-2
7.2252E+2	3.2627E-2
7.2273E+2	3.4680E-2
7.2295E+2	3.7606E-2
7.2317E+2	3.1797E-2
7.2339E+2	3.3236E-2
7.2361E+2	3.8364E-2
7.2383E+2	3.5918E-2
7.2405E+2	3.3764E-2
7.2427E+2	3.7775E-2
7.2449E+2	3.6558E-2
7.2471E+2	4.4040E-2
7.2493E+2	3.8680E-2
7.2514E+2	3.9153E-2
7.2536E+2	4.1302E-2
7.2558E+2	3.9559E-2
7.2580E+2	3.9569E-2
7.2602E+2	4.3166E-2
7.2624E+2	4.4165E-2
7.2646E+2	4.4842E-2
7.2668E+2	4.9871E-2
7.2690E+2	4.7312E-2
7.2711E+2	4.0582E-2
7.2733E+2	4.7525E-2
7.2755E+2	4.6930E-2
7.2777E+2	4.9483E-2
7.2799E+2	5.2071E-2
7.2821E+2	5.2968E-2
7.2843E+2	5.3668E-2
7.2865E+2	5.1543E-2
7.2886E+2	5.8693E-2
7.2908E+2	5.4493E-2
7.2930E+2	5.3568E-2
7.2952E+2	5.5553E-2
7.2974E+2	5.5022E-2
7.2996E+2	5.4172E-2
7.3018E+2	6.2507E-2
7.3039E+2	5.7535E-2
7.3061E+2	5.5021E-2
7.3083E+2	6.1042E-2
7.3105E+2	6.1474E-2
7.3127E+2	6.4840E-2
7.3149E+2	6.3576E-2
7.3171E+2	6.0614E-2
7.3192E+2	6.4445E-2
7.3214E+2	6.7935E-2
7.3236E+2	6.7610E-2
7.3258E+2	6.6762E-2
7.3280E+2	6.8983E-2
7.3302E+2	7.0191E-2
7.3323E+2	7.4468E-2
7.3345E+2	7.2338E-2
7.3367E+2	7.6935E-2
7.3389E+2	7.6777E-2
7.3411E+2	7.5130E-2
7.3433E+2	7.7825E-2
7.3454E+2	8.3038E-2
7.3476E+2	7.9944E-2
7.3498E+2	7.9823E-2
7.3520E+2	7.8381E-2
7.3542E+2	8.7843E-2
7.3564E+2	8.5587E-2
7.3585E+2	8.7856E-2
7.3607E+2	8.9332E-2
7.3629E+2	8.9560E-2
7.3651E+2	8.9443E-2
7.3673E+2	9.1977E-2
7.3694E+2	8.9361E-2
7.3716E+2	9.4895E-2
7.3738E+2	9.9511E-2
7.3760E+2	9.8691E-2
7.3782E+2	1.0044E-1
7.3803E+2	1.0646E-1
7.3825E+2	1.0079E-1
7.3847E+2	1.0624E-1
7.3869E+2	1.0761E-1
7.3891E+2	1.0768E-1
7.3912E+2	1.0983E-1
7.3934E+2	1.1418E-1
7.3956E+2	1.1450E-1
7.3978E+2	1.1207E-1
7.4000E+2	1.1673E-1
7.4021E+2	1.1764E-1
7.4043E+2	1.1839E-1
7.4065E+2	1.2358E-1
7.4087E+2	1.1932E-1
7.4108E+2	1.2670E-1
7.4130E+2	1.2907E-1
7.4152E+2	1.3125E-1
7.4174E+2	1.3479E-1
7.4196E+2	1.3018E-1
7.4217E+2	1.3773E-1
7.4239E+2	1.3959E-1
7.4261E+2	1.4867E-1
7.4283E+2	1.4564E-1
7.4304E+2	1.4869E-1
7.4326E+2	1.4483E-1
7.4348E+2	1.5357E-1
7.4370E+2	1.5559E-1
7.4391E+2	1.5693E-1
7.4413E+2	1.6049E-1
7.4435E+2	1.6105E-1
7.4457E+2	1.5899E-1
7.4478E+2	1.6306E-1
7.4500E+2	1.6305E-1
7.4522E+2	1.7146E-1
7.4544E+2	1.6429E-1
7.4565E+2	1.7591E-1
7.4587E+2	1.7995E-1
7.4609E+2	1.8059E-1
7.4631E+2	1.8042E-1
7.4652E+2	1.8522E-1
7.4674E+2	1.8774E-1
7.4696E+2	1.9352E-1
7.4717E+2	1.9852E-1
7.4739E+2	1.9778E-1
7.4761E+2	2.0428E-1
7.4783E+2	2.0438E-1
7.4804E+2	2.0945E-1
7.4826E+2	2.0973E-1
7.4848E+2	2.1559E-1
7.4869E+2	2.1707E-1
7.4891E+2	2.2186E-1
7.4913E+2	2.2363E-1
7.4935E+2	2.2571E-1
7.4956E+2	2.2616E-1
7.4978E+2	2.3295E-1
7.5000E+2	2.3858E-1
7.5021E+2	2.3631E-1
7.5043E+2	2.3989E-1
7.5065E+2	2.3653E-1
7.5087E+2	2.3765E-1
7.5108E+2	2.5242E-1
7.5130E+2	2.4967E-1
7.5152E+2	2.5581E-1
7.5173E+2	2.5597E-1
7.5195E+2	2.7134E-1
7.5217E+2	2.7350E-1
7.5238E+2	2.7258E-1
7.5260E+2	2.8045E-1
7.5282E+2	2.8692E-1
7.5303E+2	2.8416E-1
7.5325E+2	2.9248E-1
7.5347E+2	2.9501E-1
7.5368E+2	3.0741E-1
7.5390E+2	3.0995E-1
7.5412E+2	3.0509E-1
7.5433E+2	3.1121E-1
7.5455E+2	3.1855E-1
7.5477E+2	3.1997E-1
7.5498E+2	3.2436E-1
7.5520E+2	3.2961E-1
7.5542E+2	3.3021E-1
7.5563E+2	3.3309E-1
7.5585E+2	3.3251E-1
7.5607E+2	3.3926E-1
7.5628E+2	3.4477E-1
7.5650E+2	3.5354E-1
7.5672E+2	3.4678E-1
7.5693E+2	3.5602E-1
7.5715E+2	3.6564E-1
7.5737E+2	3.7343E-1
7.5758E+2	3.7659E-1
7.5780E+2	3.8594E-1
7.5802E+2	3.8665E-1
7.5823E+2	3.9807E-1
7.5845E+2	3.9611E-1
7.5866E+2	3.9503E-1
7.5888E+2	4.1026E-1
7.5910E+2	4.1660E-1
7.5931E+2	4.2307E-1
7.5953E+2	4.1571E-1
7.5975E+2	4.2855E-1
7.5996E+2	4.3229E-1
7.6018E+2	4.4353E-1
7.6040E+2	4.3940E-1
7.6061E+2	4.4364E-1
7.6083E+2	4.4920E-1
7.6104E+2	4.5499E-1
7.6126E+2	4.5516E-1
7.6148E+2	4.6082E-1
7.6169E+2	4.6453E-1
7.6191E+2	4.7211E-1
7.6212E+2	4.7703E-1
7.6234E+2	4.8712E-1
7.6256E+2	4.9091E-1
7.6277E+2	5.0188E-1
7.6299E+2	5.0268E-1
7.6320E+2	5.1418E-1
7.6342E+2	5.1736E-1
7.6364E+2	5.2858E-1
7.6385E+2	5.3096E-1
7.6407E+2	5.3830E-1
7.6428E+2	5.4399E-1
7.6450E+2	5.5235E-1
7.6472E+2	5.5316E-1
7.6493E+2	5.5967E-1
7.6515E+2	5.5684E-1
7.6536E+2	5.6360E-1
7.6558E+2	5.7192E-1
7.6579E+2	5.7491E-1
7.6601E+2	5.7474E-1
7.6623E+2	5.8104E-1
7.6644E+2	5.8081E-1
7.6666E+2	5.9037E-1
7.6687E+2	5.8323E-1
7.6709E+2	6.0228E-1
7.6730E+2	6.0414E-1
7.6752E+2	6.0444E-1
7.6774E+2	6.1248E-1
7.6795E+2	6.2451E-1
7.6817E+2	6.1871E-1
7.6838E+2	6.3275E-1
7.6860E+2	6.4453E-1
7.6881E+2	6.5384E-1
7.6903E+2	6.4361E-1
7.6925E+2	6.4993E-1
7.6946E+2	6.7274E-1
7.6968E+2	6.6703E-1
7.6989E+2	6.6714E-1
7.7011E+2	6.9224E-1
7.7032E+2	6.8779E-1
7.7054E+2	6.8006E-1
7.7075E+2	6.8680E-1
7.7097E+2	6.8771E-1
7.7118E+2	6.9454E-1
7.7140E+2	6.9711E-1
7.7161E+2	6.9503E-1
7.7183E+2	6.9475E-1
7.7205E+2	7.0235E-1
7.7226E+2	7.0456E-1
7.7248E+2	7.0898E-1
7.7269E+2	7.0878E-1
7.7291E+2	7.1351E-1
7.7312E+2	7.1311E-1
7.7334E+2	7.1576E-1
7.7355E+2	7.1838E-1
7.7377E+2	7.2701E-1
7.7398E+2	7.2575E-1
7.7420E+2	7.3495E-1
7.7441E+2	7.4509E-1
7.7463E+2	7.3934E-1
7.7484E+2	7.4336E-1
7.7506E+2	7.5890E-1
7.7527E+2	7.6208E-1
7.7549E+2	7.5660E-1
7.7570E+2	7.5201E-1
7.7592E+2	7.6573E-1
7.7613E+2	7.6148E-1
7.7635E+2	7.5974E-1
7.7656E+2	7.6517E-1
7.7678E+2	7.6298E-1
7.7699E+2	7.5083E-1
7.7721E+2	7.5453E-1
7.7742E+2	7.5043E-1
7.7764E+2	7.4786E-1
7.7785E+2	7.4501E-1
7.7807E+2	7.4696E-1
7.7828E+2	7.4352E-1
7.7850E+2	7.5194E-1
7.7871E+2	7.4285E-1
7.7893E+2	7.3885E-1
7.7914E+2	7.3690E-1
7.7936E+2	7.4740E-1
7.7957E+2	7.4733E-1
7.7978E+2	7.5123E-1
7.8000E+2	7.4708E-1
7.8021E+2	7.4615E-1
7.8043E+2	7.6002E-1
7.8064E+2	7.4600E-1
7.8086E+2	7.4662E-1
7.8107E+2	7.5144E-1
7.8129E+2	7.4890E-1
7.8150E+2	7.5528E-1
7.8172E+2	7.4210E-1
7.8193E+2	7.4070E-1
7.8214E+2	7.4868E-1
7.8236E+2	7.3808E-1
7.8257E+2	7.2991E-1
7.8279E+2	7.1610E-1
7.8300E+2	7.1704E-1
7.8322E+2	7.1259E-1
7.8343E+2	7.1682E-1
7.8365E+2	6.9939E-1
7.8386E+2	7.0065E-1
7.8407E+2	7.0509E-1
7.8429E+2	6.9540E-1
7.8450E+2	6.9062E-1
7.8472E+2	6.8763E-1
7.8493E+2	6.9041E-1
7.8515E+2	6.9178E-1
7.8536E+2	6.8568E-1
7.8557E+2	6.8202E-1
7.8579E+2	6.8123E-1
7.8600E+2	6.8349E-1
7.8622E+2	6.8728E-1
7.8643E+2	6.7630E-1
7.8665E+2	6.8441E-1
7.8686E+2	6.8218E-1
7.8707E+2	6.7209E-1
7.8729E+2	6.7806E-1
7.8750E+2	6.6751E-1
7.8772E+2	6.5715E-1
7.8793E+2	6.6405E-1
7.8814E+2	6.4881E-1
7.8836E+2	6.4431E-1
7.8857E+2	6.4402E-1
7.8879E+2	6.3833E-1
7.8900E+2	6.3756E-1
7.8921E+2	6.2710E-1
7.8943E+2	6.2009E-1
7.8964E+2	6.1450E-1
7.8985E+2	6.1039E-1
7.9007E+2	6.0587E-1
7.9028E+2	5.9568E-1
7.9050E+2	5.9337E-1
7.9071E+2	5.9403E-1
7.9092E+2	5.9768E-1
7.9114E+2	5.9104E-1
7.9135E+2	5.8916E-1
7.9157E+2	5.8471E-1
7.9178E+2	5.7924E-1
7.9199E+2	5.7827E-1
7.9221E+2	5.8337E-1
7.9242E+2	5.8070E-1
7.9263E+2	5.7885E-1
7.9285E+2	5.7169E-1
7.9306E+2	5.6954E-1
7.9327E+2	5.6628E-1
7.9349E+2	5.6227E-1
7.9370E+2	5.5819E-1
7.9392E+2	5.4043E-1
7.9413E+2	5.4328E-1
7.9434E+2	5.3339E-1
7.9456E+2	5.2905E-1
7.9477E+2	5.2704E-1
7.9498E+2	5.1946E-1
7.9520E+2	5.1002E-1
7.9541E+2	5.1257E-1
7.9562E+2	5.0039E-1
7.9584E+2	4.9606E-1
7.9605E+2	4.8677E-1
7.9626E+2	4.8472E-1
7.9648E+2	4.7999E-1
7.9669E+2	4.7716E-1
7.9690E+2	4.7228E-1
7.9712E+2	4.7183E-1
7.9733E+2	4.6427E-1
7.9754E+2	4.6218E-1
7.9776E+2	4.6009E-1
7.9797E+2	4.5373E-1
7.9818E+2	4.5243E-1
7.9840E+2	4.5620E-1
7.9861E+2	4.4667E-1
7.9882E+2	4.4437E-1
7.9904E+2	4.4601E-1
7.9925E+2	4.3941E-1
7.9946E+2	4.3076E-1
7.9967E+2	4.2800E-1
7.9989E+2	4.2732E-1
8.0010E+2	4.2342E-1
8.0031E+2	4.1694E-1
8.0053E+2	4.0797E-1
8.0074E+2	4.0012E-1
8.0095E+2	3.9894E-1
8.0117E+2	3.9899E-1
8.0138E+2	3.8908E-1
8.0159E+2	3.8011E-1
8.0180E+2	3.8293E-1
8.0202E+2	3.7636E-1
8.0223E+2	3.7532E-1
8.0244E+2	3.6619E-1
8.0266E+2	3.6307E-1
8.0287E+2	3.5702E-1
8.0308E+2	3.5529E-1
8.0329E+2	3.5626E-1
8.0351E+2	3.5134E-1
8.0372E+2	3.4924E-1
8.0393E+2	3.3888E-1
8.0415E+2	3.4267E-1
8.0436E+2	3.3645E-1
8.0457E+2	3.3271E-1
8.0478E+2	3.2980E-1
8.0500E+2	3.2776E-1
8.0521E+2	3.2906E-1
8.0542E+2	3.2245E-1
8.0563E+2	3.2028E-1
8.0585E+2	3.1098E-1
8.0606E+2	3.1348E-1
8.0627E+2	3.0624E-1
8.0648E+2	3.0304E-1
8.0670E+2	2.9976E-1
8.0691E+2	2.9180E-1
8.0712E+2	2.8908E-1
8.0733E+2	2.8672E-1
8.0755E+2	2.7659E-1
8.0776E+2	2.7652E-1
8.0797E+2	2.6834E-1
8.0818E+2	2.6888E-1
8.0840E+2	2.6314E-1
8.0861E+2	2.5809E-1
8.0882E+2	2.5582E-1
8.0903E+2	2.5656E-1
8.0925E+2	2.4843E-1
8.0946E+2	2.4349E-1
8.0967E+2	2.4592E-1
8.0988E+2	2.3564E-1
8.1009E+2	2.3974E-1
8.1031E+2	2.3559E-1
8.1052E+2	2.3273E-1
8.1073E+2	2.3148E-1
8.1094E+2	2.2930E-1
8.1116E+2	2.2382E-1
8.1137E+2	2.2372E-1
8.1158E+2	2.1903E-1
8.1179E+2	2.1969E-1
8.1200E+2	2.1121E-1
8.1222E+2	2.1208E-1
8.1243E+2	2.0541E-1
8.1264E+2	2.0675E-1
8.1285E+2	1.9985E-1
8.1306E+2	1.9929E-1
8.1328E+2	1.9411E-1
8.1349E+2	1.8901E-1
8.1370E+2	1.8578E-1
8.1391E+2	1.7921E-1
8.1412E+2	1.7955E-1
8.1434E+2	1.7994E-1
8.1455E+2	1.7622E-1
8.1476E+2	1.7250E-1
8.1497E+2	1.6995E-1
8.1518E+2	1.6944E-1
8.1540E+2	1.6645E-1
8.1561E+2	1.6182E-1
8.1582E+2	1.6219E-1
8.1603E+2	1.5768E-1
8.1624E+2	1.5841E-1
8.1645E+2	1.5482E-1
8.1667E+2	1.5220E-1
8.1688E+2	1.4983E-1
8.1709E+2	1.4749E-1
8.1730E+2	1.4745E-1
8.1751E+2	1.4610E-1
8.1772E+2	1.4345E-1
8.1794E+2	1.3744E-1
8.1815E+2	1.3758E-1
8.1836E+2	1.3706E-1
8.1857E+2	1.3516E-1
8.1878E+2	1.3226E-1
8.1899E+2	1.2999E-1
8.1921E+2	1.3299E-1
8.1942E+2	1.2200E-1
8.1963E+2	1.2580E-1
8.1984E+2	1.1864E-1
8.2005E+2	1.1753E-1
8.2026E+2	1.1434E-1
8.2047E+2	1.1649E-1
8.2069E+2	1.1218E-1
8.2090E+2	1.0788E-1
8.2111E+2	1.0814E-1
8.2132E+2	1.0655E-1
8.2153E+2	1.0360E-1
8.2174E+2	1.0045E-1
8.2195E+2	1.0115E-1
8.2216E+2	1.0056E-1
8.2238E+2	9.8227E-2
8.2259E+2	1.0057E-1
8.2280E+2	9.7935E-2
8.2301E+2	9.9144E-2
8.2322E+2	9.7899E-2
8.2343E+2	9.5119E-2
8.2364E+2	9.5646E-2
8.2385E+2	9.2461E-2
8.2407E+2	9.1734E-2
8.2428E+2	8.9548E-2
8.2449E+2	8.6014E-2
8.2470E+2	8.3477E-2
8.2491E+2	8.3767E-2
8.2512E+2	8.1429E-2
8.2533E+2	7.8154E-2
8.2554E+2	7.8659E-2
8.2575E+2	7.5548E-2
8.2596E+2	7.7729E-2
8.2618E+2	7.3273E-2
8.2639E+2	7.3378E-2
8.2660E+2	6.9254E-2
8.2681E+2	6.9815E-2
8.2702E+2	6.6143E-2
8.2723E+2	7.0300E-2
8.2744E+2	6.6367E-2
8.2765E+2	6.5027E-2
8.2786E+2	6.3180E-2
8.2807E+2	6.3476E-2
8.2828E+2	6.0998E-2
8.2849E+2	5.9422E-2
8.2871E+2	5.7642E-2
8.2892E+2	5.6545E-2
8.2913E+2	5.8490E-2
8.2934E+2	5.7470E-2
8.2955E+2	5.5060E-2
8.2976E+2	5.7075E-2
8.2997E+2	5.3472E-2
8.3018E+2	5.5671E-2
8.3039E+2	5.5351E-2
8.3060E+2	5.2056E-2
8.3081E+2	5.3103E-2
8.3102E+2	4.8313E-2
8.3123E+2	4.9718E-2
8.3144E+2	4.9478E-2
8.3165E+2	4.8391E-2
8.3186E+2	4.6544E-2
8.3208E+2	4.5700E-2
8.3229E+2	4.7536E-2
8.3250E+2	4.4407E-2
8.3271E+2	4.3283E-2
8.3292E+2	4.6070E-2
8.3313E+2	4.6515E-2
8.3334E+2	4.5818E-2
8.3355E+2	4.2292E-2
8.3376E+2	4.1043E-2
8.3397E+2	4.0189E-2
8.3418E+2	4.0866E-2
8.3439E+2	3.8837E-2
8.3460E+2	3.8354E-2
8.3481E+2	3.5454E-2
8.3502E+2	3.8504E-2
8.3523E+2	3.7178E-2
8.3544E+2	3.9464E-2
8.3565E+2	3.4098E-2
8.3586E+2	3.3318E-2
8.3607E+2	3.4332E-2
8.3628E+2	3.5594E-2
8.3649E+2	3.1658E-2
8.3670E+2	3.2212E-2
8.3691E+2	3.1994E-2
8.3712E+2	3.1138E-2
8.3733E+2	3.1965E-2
8.3754E+2	3.0338E-2
8.3775E+2	3.1135E-2
8.3796E+2	2.8347E-2
8.3817E+2	3.1482E-2
8.3838E+2	3.1619E-2
8.3859E+2	2.8714E-2
8.3880E+2	2.9054E-2
8.3901E+2	2.7437E-2
8.3922E+2	2.7100E-2
8.3943E+2	2.3674E-2
8.3964E+2	2.5212E-2
8.3985E+2	2.6323E-2
8.4006E+2	2.3982E-2
8.4027E+2	2.3815E-2
8.4048E+2	2.2099E-2
8.4069E+2	2.2747E-2
8.4090E+2	2.3007E-2
8.4111E+2	2.3268E-2
8.4132E+2	2.2720E-2
8.4153E+2	2.2842E-2
8.4174E+2	2.0487E-2
8.4195E+2	2.0575E-2
8.4216E+2	2.0963E-2
8.4237E+2	1.9818E-2
8.4258E+2	2.0051E-2
8.4279E+2	1.7561E-2
8.4300E+2	2.1138E-2
8.4321E+2	1.8125E-2
8.4342E+2	1.7401E-2
8.4362E+2	2.0342E-2
8.4383E+2	1.9975E-2
8.4404E+2	1.9983E-2
8.4425E+2	1.8229E-2
8.4446E+2	1.8756E-2
8.4467E+2	1.9513E-2
8.4488E+2	1.8595E-2
8.4509E+2	1.4919E-2
8.4530E+2	1.7788E-2
8.4551E+2	1.6002E-2
8.4572E+2	1.7771E-2
8.4593E+2	1.7187E-2
8.4614E+2	1.7564E-2
8.4635E+2	1.5595E-2
8.4656E+2	1.5351E-2
8.4677E+2	1.6120E-2
8.4697E+2	1.5066E-2
8.4718E+2	1.6759E-2
8.4739E+2	1.3924E-2
8.4760E+2	1.4899E-2
8.4781E+2	1.3346E-2
8.4802E+2	1.3396E-2
8.4823E+2	1.4267E-2
8.4844E+2	1.2818E-2
8.4865E+2	1.3787E-2
8.4886E+2	1.4003E-2
8.4907E+2	1.3124E-2
8.4928E+2	1.2279E-2
8.4948E+2	1.2995E-2
8.4969E+2	1.2850E-2
8.4990E+2	1.3388E-2
8.5011E+2	1.1711E-2
8.5032E+2	1.1263E-2
8.5053E+2	1.2191E-2
8.5074E+2	1.1823E-2
8.5095E+2	1.1093E-2
8.5116E+2	1.0937E-2
8.5137E+2	9.6236E-3
8.5157E+2	1.1034E-2
8.5178E+2	1.0712E-2
8.5199E+2	1.1078E-2
8.5220E+2	1.1868E-2
8.5241E+2	1.0910E-2
8.5262E+2	1.1345E-2
8.5283E+2	9.0457E-3
8.5304E+2	8.8388E-3
8.5324E+2	8.9071E-3
8.5345E+2	9.3995E-3
8.5366E+2	1.1417E-2
8.5387E+2	8.1208E-3
8.5408E+2	9.4156E-3
8.5429E+2	9.6960E-3
8.5450E+2	1.0389E-2
8.5471E+2	9.3458E-3
8.5491E+2	8.5605E-3
8.5512E+2	8.8811E-3
8.5533E+2	1.0674E-2
8.5554E+2	9.8318E-3
8.5575E+2	8.0096E-3
8.5596E+2	7.2991E-3
8.5617E+2	8.5709E-3
8.5637E+2	6.8864E-3
8.5658E+2	8.6280E-3
8.5679E+2	8.0551E-3
8.5700E+2	7.3103E-3
8.5721E+2	7.1843E-3
8.5742E+2	7.2473E-3
8.5762E+2	6.2963E-3
8.5783E+2	7.0469E-3
8.5804E+2	6.8637E-3
8.5825E+2	7.7633E-3
8.5846E+2	6.6348E-3
8.5867E+2	7.4370E-3
8.5887E+2	6.7668E-3
8.5908E+2	6.8071E-3
8.5929E+2	5.8504E-3
8.5950E+2	5.9824E-3
8.5971E+2	6.3952E-3
8.5992E+2	7.1060E-3
8.6012E+2	7.2668E-3
8.6033E+2	7.1640E-3
8.6054E+2	5.9435E-3
8.6075E+2	7.5373E-3
8.6096E+2	6.6378E-3
8.6116E+2	4.5056E-3
8.6137E+2	6.7301E-3
8.6158E+2	5.9222E-3
8.6179E+2	5.9455E-3
8.6200E+2	4.8852E-3
8.6220E+2	5.9865E-3
8.6241E+2	5.7805E-3
8.6262E+2	5.8727E-3
8.6283E+2	6.4066E-3
8.6304E+2	3.6366E-3
8.6324E+2	4.7154E-3
8.6345E+2	4.1364E-3
8.6366E+2	4.2285E-3
8.6387E+2	4.0395E-3
8.6408E+2	3.5234E-3
8.6428E+2	3.6500E-3
8.6449E+2	3.9776E-3
8.6470E+2	2.7037E-3
8.6491E+2	5.8155E-3
8.6511E+2	6.3214E-3
8.6532E+2	3.7324E-3
8.6553E+2	1.2807E-3
8.6574E+2	4.4915E-3
8.6595E+2	4.6357E-3
8.6615E+2	3.3838E-3
8.6636E+2	4.5218E-3
8.6657E+2	2.5111E-3
8.6678E+2	4.3275E-3
8.6698E+2	5.0523E-3
8.6719E+2	4.5472E-3
8.6740E+2	3.9959E-3
8.6761E+2	3.4732E-3
8.6781E+2	4.6010E-3
8.6802E+2	2.9623E-3
8.6823E+2	4.2400E-3
8.6844E+2	2.6123E-3
8.6864E+2	3.9824E-3
8.6885E+2	4.0118E-3
8.6906E+2	2.9301E-3
8.6927E+2	4.1395E-3
8.6947E+2	4.8600E-3
8.6968E+2	2.7127E-3
8.6989E+2	3.7558E-3
8.7010E+2	3.2783E-3
8.7030E+2	4.1778E-3
8.7051E+2	4.4610E-3
8.7072E+2	4.2717E-3
8.7093E+2	2.4505E-3
8.7113E+2	2.9815E-3
8.7134E+2	3.5936E-3
8.7155E+2	3.5135E-3
8.7175E+2	1.7831E-3
8.7196E+2	3.6071E-3
8.7217E+2	2.5110E-3
8.7238E+2	2.4480E-3
8.7258E+2	3.9673E-3
8.7279E+2	2.8419E-3
8.7300E+2	2.1261E-3
8.7320E+2	2.7969E-3
8.7341E+2	2.3640E-3
8.7362E+2	3.3359E-3
8.7383E+2	1.6423E-3
8.7403E+2	1.0816E-3
8.7424E+2	3.0085E-3
8.7445E+2	3.7962E-3
8.7465E+2	2.5527E-3
8.7486E+2	2.5126E-3
8.7507E+2	2.8547E-3
8.7527E+2	2.0098E-3
8.7548E+2	2.8678E-3
8.7569E+2	1.8486E-3
8.7590E+2	2.3824E-3
8.7610E+2	2.2612E-3
8.7631E+2	1.4905E-3
8.7652E+2	2.6975E-3
8.7672E+2	1.7350E-3
8.7693E+2	1.4279E-3
8.7714E+2	1.7708E-3
8.7734E+2	3.1593E-3
8.7755E+2	2.5735E-3
8.7776E+2	2.2312E-3
8.7796E+2	1.9353E-3
8.7817E+2	3.2962E-3
8.7838E+2	3.4833E-3
8.7858E+2	2.0883E-3
8.7879E+2	1.1230E-3
8.7900E+2	2.8171E-3
8.7920E+2	3.8019E-3
8.7941E+2	3.3663E-3
8.7962E+2	-5.2432E-5
8.7982E+2	3.7821E-3
8.8003E+2	7.2285E-4
8.8024E+2	2.0934E-3
8.8044E+2	3.9432E-3
8.8065E+2	4.6564E-3
8.8086E+2	2.1597E-3
8.8106E+2	2.0551E-3
8.8127E+2	2.0264E-3
8.8148E+2	1.3962E-3
8.8168E+2	2.9628E-3
8.8189E+2	2.0928E-3
8.8209E+2	8.7717E-5
8.8230E+2	2.7085E-3
8.8251E+2	2.4695E-3
8.8271E+2	3.3426E-3
8.8292E+2	2.2897E-3
8.8313E+2	2.8528E-3
8.8333E+2	1.9045E-3
8.8354E+2	2.2452E-3
8.8374E+2	1.8531E-3
8.8395E+2	1.6074E-3
8.8416E+2	7.9803E-4
8.8436E+2	2.7236E-3
8.8457E+2	4.1103E-5
8.8478E+2	2.1147E-4
8.8498E+2	5.1124E-4
8.8519E+2	2.1280E-3
8.8539E+2	2.7169E-3
8.8560E+2	1.0590E-3
8.8581E+2	1.5125E-3
8.8601E+2	1.0657E-3
8.8622E+2	3.0274E-3
8.8642E+2	2.2567E-3
8.8663E+2	1.6328E-3
8.8684E+2	8.6095E-4
8.8704E+2	1.2389E-3
8.8725E+2	3.6472E-3
8.8745E+2	1.5705E-3
8.8766E+2	-2.1260E-4
8.8787E+2	1.4297E-3
8.8807E+2	2.2932E-3
8.8828E+2	1.8980E-3
8.8848E+2	9.3459E-4
8.8869E+2	4.2962E-3
8.8890E+2	1.1899E-3
8.8910E+2	8.9432E-4
8.8931E+2	3.4958E-3
8.8951E+2	8.0024E-4
