PLQY measurement:
Date: 	29.03.2023 12:37:59
Peak emission wavelength (nm): 781
 PLQY = 	 	2.89E-2
absorded light fraction (%): 86
MAYA saturard: FALSE
USB2000 saturaed: FALSE
wavelength	corrected total emission spec
6.7833E+2	1.6668E-3
6.7856E+2	4.2182E-3
6.7878E+2	2.7846E-3
6.7900E+2	1.9942E-3
6.7922E+2	1.5112E-3
6.7945E+2	7.6882E-4
6.7967E+2	2.6936E-3
6.7989E+2	2.6471E-3
6.8011E+2	2.7295E-3
6.8034E+2	2.1193E-3
6.8056E+2	8.4050E-3
6.8078E+2	-2.0126E-4
6.8100E+2	3.1146E-3
6.8123E+2	3.5391E-3
6.8145E+2	3.9191E-3
6.8167E+2	2.3275E-3
6.8189E+2	6.4182E-4
6.8212E+2	1.3813E-3
6.8234E+2	9.2399E-4
6.8256E+2	1.4191E-3
6.8278E+2	1.8994E-3
6.8300E+2	3.1842E-3
6.8323E+2	-8.7591E-4
6.8345E+2	2.6231E-3
6.8367E+2	1.1827E-3
6.8389E+2	1.4063E-3
6.8412E+2	1.9235E-3
6.8434E+2	3.4619E-3
6.8456E+2	5.0510E-3
6.8478E+2	3.8013E-3
6.8500E+2	2.3721E-3
6.8523E+2	6.9786E-3
6.8545E+2	4.6582E-3
6.8567E+2	5.5665E-3
6.8589E+2	3.1058E-3
6.8611E+2	5.2604E-4
6.8634E+2	1.1332E-3
6.8656E+2	4.7731E-3
6.8678E+2	3.7755E-3
6.8700E+2	2.6139E-3
6.8722E+2	6.3174E-4
6.8745E+2	5.8128E-3
6.8767E+2	5.3923E-3
6.8789E+2	5.7961E-3
6.8811E+2	1.6514E-3
6.8833E+2	3.1472E-3
6.8856E+2	2.3257E-3
6.8878E+2	7.3494E-3
6.8900E+2	4.5845E-3
6.8922E+2	2.0445E-3
6.8944E+2	1.7436E-3
6.8966E+2	-1.5247E-3
6.8989E+2	4.9327E-3
6.9011E+2	3.7946E-3
6.9033E+2	6.5415E-3
6.9055E+2	4.1031E-3
6.9077E+2	-7.7680E-4
6.9099E+2	6.9001E-3
6.9122E+2	6.7145E-3
6.9144E+2	6.3829E-3
6.9166E+2	5.8264E-3
6.9188E+2	9.1679E-3
6.9210E+2	2.2552E-3
6.9232E+2	4.0787E-3
6.9255E+2	9.1874E-3
6.9277E+2	3.4179E-3
6.9299E+2	4.4289E-3
6.9321E+2	2.9874E-3
6.9343E+2	4.4140E-3
6.9365E+2	6.1374E-3
6.9387E+2	2.2530E-3
6.9410E+2	7.4415E-3
6.9432E+2	8.9950E-3
6.9454E+2	6.8680E-3
6.9476E+2	3.6427E-3
6.9498E+2	8.3424E-3
6.9520E+2	7.6286E-3
6.9542E+2	4.4681E-3
6.9565E+2	5.6755E-3
6.9587E+2	5.7432E-3
6.9609E+2	5.4657E-3
6.9631E+2	6.0747E-3
6.9653E+2	9.0318E-3
6.9675E+2	4.1809E-3
6.9697E+2	8.3776E-3
6.9719E+2	6.0752E-3
6.9742E+2	5.7453E-3
6.9764E+2	7.0479E-3
6.9786E+2	1.1349E-2
6.9808E+2	1.0090E-2
6.9830E+2	9.2493E-3
6.9852E+2	7.0292E-3
6.9874E+2	5.6261E-3
6.9896E+2	5.3892E-3
6.9918E+2	6.6056E-3
6.9941E+2	9.9808E-3
6.9963E+2	8.6314E-3
6.9985E+2	8.2274E-3
7.0007E+2	1.1781E-2
7.0029E+2	1.0242E-2
7.0051E+2	1.1362E-2
7.0073E+2	9.1107E-3
7.0095E+2	5.9345E-3
7.0117E+2	5.4926E-3
7.0139E+2	8.7595E-3
7.0161E+2	8.7564E-3
7.0184E+2	1.3068E-2
7.0206E+2	1.2317E-2
7.0228E+2	1.0466E-2
7.0250E+2	1.3059E-2
7.0272E+2	7.1996E-3
7.0294E+2	1.2853E-2
7.0316E+2	9.6107E-3
7.0338E+2	1.3623E-2
7.0360E+2	1.0488E-2
7.0382E+2	1.6380E-2
7.0404E+2	1.4721E-2
7.0426E+2	1.0202E-2
7.0448E+2	1.2106E-2
7.0470E+2	1.2935E-2
7.0492E+2	1.0155E-2
7.0515E+2	1.2744E-2
7.0537E+2	1.4445E-2
7.0559E+2	9.7229E-3
7.0581E+2	9.3589E-3
7.0603E+2	1.2712E-2
7.0625E+2	1.3552E-2
7.0647E+2	1.0122E-2
7.0669E+2	1.6055E-2
7.0691E+2	1.1953E-2
7.0713E+2	1.3276E-2
7.0735E+2	1.3039E-2
7.0757E+2	1.6230E-2
7.0779E+2	1.4316E-2
7.0801E+2	1.4163E-2
7.0823E+2	1.3430E-2
7.0845E+2	1.6657E-2
7.0867E+2	1.4837E-2
7.0889E+2	1.8421E-2
7.0911E+2	1.8224E-2
7.0933E+2	1.8507E-2
7.0955E+2	1.8346E-2
7.0977E+2	2.0962E-2
7.0999E+2	1.4404E-2
7.1021E+2	1.8752E-2
7.1043E+2	1.8707E-2
7.1065E+2	1.9613E-2
7.1087E+2	1.8884E-2
7.1109E+2	2.0033E-2
7.1131E+2	2.1948E-2
7.1153E+2	2.1126E-2
7.1175E+2	2.0318E-2
7.1197E+2	2.5439E-2
7.1219E+2	2.0824E-2
7.1241E+2	2.2401E-2
7.1263E+2	2.4875E-2
7.1285E+2	2.2938E-2
7.1307E+2	2.6135E-2
7.1329E+2	2.6674E-2
7.1351E+2	2.4367E-2
7.1373E+2	2.6353E-2
7.1395E+2	2.5447E-2
7.1417E+2	2.5236E-2
7.1439E+2	2.4869E-2
7.1461E+2	2.6695E-2
7.1483E+2	2.9234E-2
7.1505E+2	2.8239E-2
7.1527E+2	3.0997E-2
7.1549E+2	2.9214E-2
7.1571E+2	2.7754E-2
7.1593E+2	3.0070E-2
7.1615E+2	3.1308E-2
7.1637E+2	3.0537E-2
7.1659E+2	3.3476E-2
7.1681E+2	3.3672E-2
7.1703E+2	3.0846E-2
7.1725E+2	3.3829E-2
7.1747E+2	3.1918E-2
7.1769E+2	3.2508E-2
7.1791E+2	3.6623E-2
7.1813E+2	3.5494E-2
7.1835E+2	3.4401E-2
7.1857E+2	3.5993E-2
7.1879E+2	3.8681E-2
7.1901E+2	4.2012E-2
7.1923E+2	4.0174E-2
7.1944E+2	3.9418E-2
7.1966E+2	3.8720E-2
7.1988E+2	4.2099E-2
7.2010E+2	4.3211E-2
7.2032E+2	4.4333E-2
7.2054E+2	4.4805E-2
7.2076E+2	4.4974E-2
7.2098E+2	4.4782E-2
7.2120E+2	4.1716E-2
7.2142E+2	4.1471E-2
7.2164E+2	4.7643E-2
7.2186E+2	4.0344E-2
7.2208E+2	4.7963E-2
7.2230E+2	4.6919E-2
7.2252E+2	4.9950E-2
7.2273E+2	5.3458E-2
7.2295E+2	4.8408E-2
7.2317E+2	5.1471E-2
7.2339E+2	5.7421E-2
7.2361E+2	5.6181E-2
7.2383E+2	5.6861E-2
7.2405E+2	5.1729E-2
7.2427E+2	5.4345E-2
7.2449E+2	6.0441E-2
7.2471E+2	6.0564E-2
7.2493E+2	5.9455E-2
7.2514E+2	5.9058E-2
7.2536E+2	6.1068E-2
7.2558E+2	6.1485E-2
7.2580E+2	6.1979E-2
7.2602E+2	6.7400E-2
7.2624E+2	6.5152E-2
7.2646E+2	6.7030E-2
7.2668E+2	6.9456E-2
7.2690E+2	6.9440E-2
7.2711E+2	6.6780E-2
7.2733E+2	7.6447E-2
7.2755E+2	7.9179E-2
7.2777E+2	7.3922E-2
7.2799E+2	7.8821E-2
7.2821E+2	7.7735E-2
7.2843E+2	8.5005E-2
7.2865E+2	7.7746E-2
7.2886E+2	8.4243E-2
7.2908E+2	8.1228E-2
7.2930E+2	8.1271E-2
7.2952E+2	8.2703E-2
7.2974E+2	8.9077E-2
7.2996E+2	8.4547E-2
7.3018E+2	8.7322E-2
7.3039E+2	8.7125E-2
7.3061E+2	8.9465E-2
7.3083E+2	9.1528E-2
7.3105E+2	9.4800E-2
7.3127E+2	9.4340E-2
7.3149E+2	1.0358E-1
7.3171E+2	9.8659E-2
7.3192E+2	1.0074E-1
7.3214E+2	1.0387E-1
7.3236E+2	1.0733E-1
7.3258E+2	1.0861E-1
7.3280E+2	1.0712E-1
7.3302E+2	1.1249E-1
7.3323E+2	1.1051E-1
7.3345E+2	1.1930E-1
7.3367E+2	1.1630E-1
7.3389E+2	1.1989E-1
7.3411E+2	1.1719E-1
7.3433E+2	1.2079E-1
7.3454E+2	1.2272E-1
7.3476E+2	1.1868E-1
7.3498E+2	1.2317E-1
7.3520E+2	1.2292E-1
7.3542E+2	1.2960E-1
7.3564E+2	1.2930E-1
7.3585E+2	1.3640E-1
7.3607E+2	1.4013E-1
7.3629E+2	1.3798E-1
7.3651E+2	1.4171E-1
7.3673E+2	1.4846E-1
7.3694E+2	1.5129E-1
7.3716E+2	1.4994E-1
7.3738E+2	1.5459E-1
7.3760E+2	1.5797E-1
7.3782E+2	1.5704E-1
7.3803E+2	1.6609E-1
7.3825E+2	1.6591E-1
7.3847E+2	1.6845E-1
7.3869E+2	1.6227E-1
7.3891E+2	1.7025E-1
7.3912E+2	1.7163E-1
7.3934E+2	1.7419E-1
7.3956E+2	1.7375E-1
7.3978E+2	1.7724E-1
7.4000E+2	1.8255E-1
7.4021E+2	1.7588E-1
7.4043E+2	1.8734E-1
7.4065E+2	1.9492E-1
7.4087E+2	1.9360E-1
7.4108E+2	2.0239E-1
7.4130E+2	2.0390E-1
7.4152E+2	2.0271E-1
7.4174E+2	2.0881E-1
7.4196E+2	2.1337E-1
7.4217E+2	2.1853E-1
7.4239E+2	2.1503E-1
7.4261E+2	2.2187E-1
7.4283E+2	2.3007E-1
7.4304E+2	2.3398E-1
7.4326E+2	2.3226E-1
7.4348E+2	2.3287E-1
7.4370E+2	2.4660E-1
7.4391E+2	2.4125E-1
7.4413E+2	2.4938E-1
7.4435E+2	2.4815E-1
7.4457E+2	2.5562E-1
7.4478E+2	2.5841E-1
7.4500E+2	2.5510E-1
7.4522E+2	2.7181E-1
7.4544E+2	2.7300E-1
7.4565E+2	2.6677E-1
7.4587E+2	2.8226E-1
7.4609E+2	2.7801E-1
7.4631E+2	2.8571E-1
7.4652E+2	3.0085E-1
7.4674E+2	2.9330E-1
7.4696E+2	3.0131E-1
7.4717E+2	3.0645E-1
7.4739E+2	3.1574E-1
7.4761E+2	3.1956E-1
7.4783E+2	3.2273E-1
7.4804E+2	3.2698E-1
7.4826E+2	3.3675E-1
7.4848E+2	3.3939E-1
7.4869E+2	3.4788E-1
7.4891E+2	3.4526E-1
7.4913E+2	3.5129E-1
7.4935E+2	3.5377E-1
7.4956E+2	3.5513E-1
7.4978E+2	3.6161E-1
7.5000E+2	3.7026E-1
7.5021E+2	3.7402E-1
7.5043E+2	3.7217E-1
7.5065E+2	3.8408E-1
7.5087E+2	3.8202E-1
7.5108E+2	3.9447E-1
7.5130E+2	3.9625E-1
7.5152E+2	4.0919E-1
7.5173E+2	4.1022E-1
7.5195E+2	4.2627E-1
7.5217E+2	4.2278E-1
7.5238E+2	4.3486E-1
7.5260E+2	4.4480E-1
7.5282E+2	4.4904E-1
7.5303E+2	4.5145E-1
7.5325E+2	4.6042E-1
7.5347E+2	4.6735E-1
7.5368E+2	4.7052E-1
7.5390E+2	4.7804E-1
7.5412E+2	4.9029E-1
7.5433E+2	4.8810E-1
7.5455E+2	4.9371E-1
7.5477E+2	5.0554E-1
7.5498E+2	5.0722E-1
7.5520E+2	5.0932E-1
7.5542E+2	5.2101E-1
7.5563E+2	5.2215E-1
7.5585E+2	5.3777E-1
7.5607E+2	5.3522E-1
7.5628E+2	5.4436E-1
7.5650E+2	5.4473E-1
7.5672E+2	5.5889E-1
7.5693E+2	5.6869E-1
7.5715E+2	5.7954E-1
7.5737E+2	5.8369E-1
7.5758E+2	5.8447E-1
7.5780E+2	6.0339E-1
7.5802E+2	6.1262E-1
7.5823E+2	6.1170E-1
7.5845E+2	6.2257E-1
7.5866E+2	6.3897E-1
7.5888E+2	6.3636E-1
7.5910E+2	6.4678E-1
7.5931E+2	6.5646E-1
7.5953E+2	6.6360E-1
7.5975E+2	6.7417E-1
7.5996E+2	6.8352E-1
7.6018E+2	6.8266E-1
7.6040E+2	6.9363E-1
7.6061E+2	6.9585E-1
7.6083E+2	7.0560E-1
7.6104E+2	7.1283E-1
7.6126E+2	7.2134E-1
7.6148E+2	7.1708E-1
7.6169E+2	7.2901E-1
7.6191E+2	7.3920E-1
7.6212E+2	7.5632E-1
7.6234E+2	7.5830E-1
7.6256E+2	7.6437E-1
7.6277E+2	7.7290E-1
7.6299E+2	7.8643E-1
7.6320E+2	8.0643E-1
7.6342E+2	8.1967E-1
7.6364E+2	8.3050E-1
7.6385E+2	8.3807E-1
7.6407E+2	8.4375E-1
7.6428E+2	8.5216E-1
7.6450E+2	8.5823E-1
7.6472E+2	8.7268E-1
7.6493E+2	8.7320E-1
7.6515E+2	8.7505E-1
7.6536E+2	8.9482E-1
7.6558E+2	8.9710E-1
7.6579E+2	8.9940E-1
7.6601E+2	9.0207E-1
7.6623E+2	9.1694E-1
7.6644E+2	9.3022E-1
7.6666E+2	9.2624E-1
7.6687E+2	9.3135E-1
7.6709E+2	9.3555E-1
7.6730E+2	9.3983E-1
7.6752E+2	9.6409E-1
7.6774E+2	9.5636E-1
7.6795E+2	9.6731E-1
7.6817E+2	9.8984E-1
7.6838E+2	1.0087E+0
7.6860E+2	1.0009E+0
7.6881E+2	1.0155E+0
7.6903E+2	1.0383E+0
7.6925E+2	1.0407E+0
7.6946E+2	1.0506E+0
7.6968E+2	1.0693E+0
7.6989E+2	1.0818E+0
7.7011E+2	1.0852E+0
7.7032E+2	1.0809E+0
7.7054E+2	1.0896E+0
7.7075E+2	1.0859E+0
7.7097E+2	1.0989E+0
7.7118E+2	1.0948E+0
7.7140E+2	1.1024E+0
7.7161E+2	1.1038E+0
7.7183E+2	1.1144E+0
7.7205E+2	1.1083E+0
7.7226E+2	1.1292E+0
7.7248E+2	1.1164E+0
7.7269E+2	1.1275E+0
7.7291E+2	1.1347E+0
7.7312E+2	1.1388E+0
7.7334E+2	1.1359E+0
7.7355E+2	1.1587E+0
7.7377E+2	1.1581E+0
7.7398E+2	1.1738E+0
7.7420E+2	1.1900E+0
7.7441E+2	1.1910E+0
7.7463E+2	1.2097E+0
7.7484E+2	1.2082E+0
7.7506E+2	1.2201E+0
7.7527E+2	1.2147E+0
7.7549E+2	1.2197E+0
7.7570E+2	1.2408E+0
7.7592E+2	1.2285E+0
7.7613E+2	1.2317E+0
7.7635E+2	1.2425E+0
7.7656E+2	1.2446E+0
7.7678E+2	1.2474E+0
7.7699E+2	1.2248E+0
7.7721E+2	1.2304E+0
7.7742E+2	1.2311E+0
7.7764E+2	1.2156E+0
7.7785E+2	1.2189E+0
7.7807E+2	1.2279E+0
7.7828E+2	1.2255E+0
7.7850E+2	1.2236E+0
7.7871E+2	1.2165E+0
7.7893E+2	1.2153E+0
7.7914E+2	1.2285E+0
7.7936E+2	1.2390E+0
7.7957E+2	1.2307E+0
7.7978E+2	1.2397E+0
7.8000E+2	1.2378E+0
7.8021E+2	1.2452E+0
7.8043E+2	1.2497E+0
7.8064E+2	1.2375E+0
7.8086E+2	1.2440E+0
7.8107E+2	1.2422E+0
7.8129E+2	1.2542E+0
7.8150E+2	1.2480E+0
7.8172E+2	1.2465E+0
7.8193E+2	1.2482E+0
7.8214E+2	1.2409E+0
7.8236E+2	1.2394E+0
7.8257E+2	1.2196E+0
7.8279E+2	1.2114E+0
7.8300E+2	1.2135E+0
7.8322E+2	1.2045E+0
7.8343E+2	1.2057E+0
7.8365E+2	1.1969E+0
7.8386E+2	1.1878E+0
7.8407E+2	1.1920E+0
7.8429E+2	1.1813E+0
7.8450E+2	1.1746E+0
7.8472E+2	1.1811E+0
7.8493E+2	1.1726E+0
7.8515E+2	1.1672E+0
7.8536E+2	1.1686E+0
7.8557E+2	1.1662E+0
7.8579E+2	1.1621E+0
7.8600E+2	1.1649E+0
7.8622E+2	1.1692E+0
7.8643E+2	1.1607E+0
7.8665E+2	1.1763E+0
7.8686E+2	1.1585E+0
7.8707E+2	1.1594E+0
7.8729E+2	1.1629E+0
7.8750E+2	1.1529E+0
7.8772E+2	1.1476E+0
7.8793E+2	1.1387E+0
7.8814E+2	1.1300E+0
7.8836E+2	1.1219E+0
7.8857E+2	1.1129E+0
7.8879E+2	1.1041E+0
7.8900E+2	1.0930E+0
7.8921E+2	1.0861E+0
7.8943E+2	1.0831E+0
7.8964E+2	1.0781E+0
7.8985E+2	1.0604E+0
7.9007E+2	1.0572E+0
7.9028E+2	1.0582E+0
7.9050E+2	1.0406E+0
7.9071E+2	1.0402E+0
7.9092E+2	1.0436E+0
7.9114E+2	1.0353E+0
7.9135E+2	1.0287E+0
7.9157E+2	1.0357E+0
7.9178E+2	1.0287E+0
7.9199E+2	1.0121E+0
7.9221E+2	1.0148E+0
7.9242E+2	1.0157E+0
7.9263E+2	1.0093E+0
7.9285E+2	1.0108E+0
7.9306E+2	9.9112E-1
7.9327E+2	9.9975E-1
7.9349E+2	9.8146E-1
7.9370E+2	9.7614E-1
7.9392E+2	9.7130E-1
7.9413E+2	9.5421E-1
7.9434E+2	9.5119E-1
7.9456E+2	9.3885E-1
7.9477E+2	9.2838E-1
7.9498E+2	9.2813E-1
7.9520E+2	9.1407E-1
7.9541E+2	9.0580E-1
7.9562E+2	8.9352E-1
7.9584E+2	8.8627E-1
7.9605E+2	8.7695E-1
7.9626E+2	8.7034E-1
7.9648E+2	8.6256E-1
7.9669E+2	8.5522E-1
7.9690E+2	8.4339E-1
7.9712E+2	8.4312E-1
7.9733E+2	8.3390E-1
7.9754E+2	8.2562E-1
7.9776E+2	8.2703E-1
7.9797E+2	8.2005E-1
7.9818E+2	8.1905E-1
7.9840E+2	8.1094E-1
7.9861E+2	8.0528E-1
7.9882E+2	7.9363E-1
7.9904E+2	7.9105E-1
7.9925E+2	7.9013E-1
7.9946E+2	7.7861E-1
7.9967E+2	7.6263E-1
7.9989E+2	7.6333E-1
8.0010E+2	7.5600E-1
8.0031E+2	7.4190E-1
8.0053E+2	7.3495E-1
8.0074E+2	7.2051E-1
8.0095E+2	7.0361E-1
8.0117E+2	7.0483E-1
8.0138E+2	6.9393E-1
8.0159E+2	6.9535E-1
8.0180E+2	6.8449E-1
8.0202E+2	6.7552E-1
8.0223E+2	6.5840E-1
8.0244E+2	6.5797E-1
8.0266E+2	6.5341E-1
8.0287E+2	6.5079E-1
8.0308E+2	6.3517E-1
8.0329E+2	6.3452E-1
8.0351E+2	6.3247E-1
8.0372E+2	6.2521E-1
8.0393E+2	6.1810E-1
8.0415E+2	6.1275E-1
8.0436E+2	6.1040E-1
8.0457E+2	6.0487E-1
8.0478E+2	5.9069E-1
8.0500E+2	5.9388E-1
8.0521E+2	5.9073E-1
8.0542E+2	5.8290E-1
8.0563E+2	5.8014E-1
8.0585E+2	5.6900E-1
8.0606E+2	5.5897E-1
8.0627E+2	5.5374E-1
8.0648E+2	5.4742E-1
8.0670E+2	5.4159E-1
8.0691E+2	5.2811E-1
8.0712E+2	5.2833E-1
8.0733E+2	5.1244E-1
8.0755E+2	5.1135E-1
8.0776E+2	4.9784E-1
8.0797E+2	4.8636E-1
8.0818E+2	4.8574E-1
8.0840E+2	4.7557E-1
8.0861E+2	4.6959E-1
8.0882E+2	4.6769E-1
8.0903E+2	4.5418E-1
8.0925E+2	4.5268E-1
8.0946E+2	4.4572E-1
8.0967E+2	4.4299E-1
8.0988E+2	4.3879E-1
8.1009E+2	4.3010E-1
8.1031E+2	4.2186E-1
8.1052E+2	4.1938E-1
8.1073E+2	4.1851E-1
8.1094E+2	4.1634E-1
8.1116E+2	4.0532E-1
8.1137E+2	4.0252E-1
8.1158E+2	3.9933E-1
8.1179E+2	3.9544E-1
8.1200E+2	3.8784E-1
8.1222E+2	3.7954E-1
8.1243E+2	3.7636E-1
8.1264E+2	3.7006E-1
8.1285E+2	3.5881E-1
8.1306E+2	3.5600E-1
8.1328E+2	3.5324E-1
8.1349E+2	3.4690E-1
8.1370E+2	3.4722E-1
8.1391E+2	3.3359E-1
8.1412E+2	3.2820E-1
8.1434E+2	3.2083E-1
8.1455E+2	3.1594E-1
8.1476E+2	3.1323E-1
8.1497E+2	3.0585E-1
8.1518E+2	3.0220E-1
8.1540E+2	2.9781E-1
8.1561E+2	2.9201E-1
8.1582E+2	2.9208E-1
8.1603E+2	2.8508E-1
8.1624E+2	2.8502E-1
8.1645E+2	2.7667E-1
8.1667E+2	2.7575E-1
8.1688E+2	2.6700E-1
8.1709E+2	2.7026E-1
8.1730E+2	2.6239E-1
8.1751E+2	2.6045E-1
8.1772E+2	2.5576E-1
8.1794E+2	2.5521E-1
8.1815E+2	2.4941E-1
8.1836E+2	2.4973E-1
8.1857E+2	2.4054E-1
8.1878E+2	2.4053E-1
8.1899E+2	2.3311E-1
8.1921E+2	2.3091E-1
8.1942E+2	2.2615E-1
8.1963E+2	2.2045E-1
8.1984E+2	2.1977E-1
8.2005E+2	2.0946E-1
8.2026E+2	2.1156E-1
8.2047E+2	2.0424E-1
8.2069E+2	2.0215E-1
8.2090E+2	1.9446E-1
8.2111E+2	1.9468E-1
8.2132E+2	1.9335E-1
8.2153E+2	1.8773E-1
8.2174E+2	1.8032E-1
8.2195E+2	1.8229E-1
8.2216E+2	1.7751E-1
8.2238E+2	1.7610E-1
8.2259E+2	1.7650E-1
8.2280E+2	1.7003E-1
8.2301E+2	1.7008E-1
8.2322E+2	1.7195E-1
8.2343E+2	1.7305E-1
8.2364E+2	1.6725E-1
8.2385E+2	1.6232E-1
8.2407E+2	1.6198E-1
8.2428E+2	1.5983E-1
8.2449E+2	1.5194E-1
8.2470E+2	1.4884E-1
8.2491E+2	1.4603E-1
8.2512E+2	1.4153E-1
8.2533E+2	1.3965E-1
8.2554E+2	1.3942E-1
8.2575E+2	1.3575E-1
8.2596E+2	1.3567E-1
8.2618E+2	1.2812E-1
8.2639E+2	1.3092E-1
8.2660E+2	1.2388E-1
8.2681E+2	1.2342E-1
8.2702E+2	1.2161E-1
8.2723E+2	1.1820E-1
8.2744E+2	1.1296E-1
8.2765E+2	1.1595E-1
8.2786E+2	1.0797E-1
8.2807E+2	1.0819E-1
8.2828E+2	1.0523E-1
8.2849E+2	1.0763E-1
8.2871E+2	1.0489E-1
8.2892E+2	1.0084E-1
8.2913E+2	1.0242E-1
8.2934E+2	9.8621E-2
8.2955E+2	1.0019E-1
8.2976E+2	9.9251E-2
8.2997E+2	9.6048E-2
8.3018E+2	9.5946E-2
8.3039E+2	9.3034E-2
8.3060E+2	9.2303E-2
8.3081E+2	9.1578E-2
8.3102E+2	9.0111E-2
8.3123E+2	8.8458E-2
8.3144E+2	8.6508E-2
8.3165E+2	8.4355E-2
8.3186E+2	8.4195E-2
8.3208E+2	8.5269E-2
8.3229E+2	7.9496E-2
8.3250E+2	7.7757E-2
8.3271E+2	7.7731E-2
8.3292E+2	7.9514E-2
8.3313E+2	7.7323E-2
8.3334E+2	7.7199E-2
8.3355E+2	7.1331E-2
8.3376E+2	7.0422E-2
8.3397E+2	6.9737E-2
8.3418E+2	6.8366E-2
8.3439E+2	6.9357E-2
8.3460E+2	6.3624E-2
8.3481E+2	6.2929E-2
8.3502E+2	6.4515E-2
8.3523E+2	6.3472E-2
8.3544E+2	6.2435E-2
8.3565E+2	6.1829E-2
8.3586E+2	5.8719E-2
8.3607E+2	5.8332E-2
8.3628E+2	5.8425E-2
8.3649E+2	5.6515E-2
8.3670E+2	5.8514E-2
8.3691E+2	5.5908E-2
8.3712E+2	5.2898E-2
8.3733E+2	5.4589E-2
8.3754E+2	5.0984E-2
8.3775E+2	5.4212E-2
8.3796E+2	4.9912E-2
8.3817E+2	5.0260E-2
8.3838E+2	4.9059E-2
8.3859E+2	4.7946E-2
8.3880E+2	4.8686E-2
8.3901E+2	4.4632E-2
8.3922E+2	4.6491E-2
8.3943E+2	4.6936E-2
8.3964E+2	4.4998E-2
8.3985E+2	4.3327E-2
8.4006E+2	4.3818E-2
8.4027E+2	4.2490E-2
8.4048E+2	4.0423E-2
8.4069E+2	4.0951E-2
8.4090E+2	4.0167E-2
8.4111E+2	3.8806E-2
8.4132E+2	3.8370E-2
8.4153E+2	3.7161E-2
8.4174E+2	3.4226E-2
8.4195E+2	3.6389E-2
8.4216E+2	3.6485E-2
8.4237E+2	3.3780E-2
8.4258E+2	3.4183E-2
8.4279E+2	3.3652E-2
8.4300E+2	3.3362E-2
8.4321E+2	3.2998E-2
8.4342E+2	3.3193E-2
8.4362E+2	3.2905E-2
8.4383E+2	3.4437E-2
8.4404E+2	3.3348E-2
8.4425E+2	3.3722E-2
8.4446E+2	2.9698E-2
8.4467E+2	3.1202E-2
8.4488E+2	3.1317E-2
8.4509E+2	2.8849E-2
8.4530E+2	3.1370E-2
8.4551E+2	2.7682E-2
8.4572E+2	2.7666E-2
8.4593E+2	2.7829E-2
8.4614E+2	2.8146E-2
8.4635E+2	2.5888E-2
8.4656E+2	2.7138E-2
8.4677E+2	2.3881E-2
8.4697E+2	2.4838E-2
8.4718E+2	2.6185E-2
8.4739E+2	2.5417E-2
8.4760E+2	2.4782E-2
8.4781E+2	2.3572E-2
8.4802E+2	2.1840E-2
8.4823E+2	2.2538E-2
8.4844E+2	2.2064E-2
8.4865E+2	2.2802E-2
8.4886E+2	2.0664E-2
8.4907E+2	2.1334E-2
8.4928E+2	2.2095E-2
8.4948E+2	2.0744E-2
8.4969E+2	1.9450E-2
8.4990E+2	1.9758E-2
8.5011E+2	1.8941E-2
8.5032E+2	1.7459E-2
8.5053E+2	2.0165E-2
8.5074E+2	1.8362E-2
8.5095E+2	1.9353E-2
8.5116E+2	1.7591E-2
8.5137E+2	1.7423E-2
8.5157E+2	1.9578E-2
8.5178E+2	1.8166E-2
8.5199E+2	1.9564E-2
8.5220E+2	1.7544E-2
8.5241E+2	1.7618E-2
8.5262E+2	1.6218E-2
8.5283E+2	1.4434E-2
8.5304E+2	1.7208E-2
8.5324E+2	1.5441E-2
8.5345E+2	1.4443E-2
8.5366E+2	1.6059E-2
8.5387E+2	1.4654E-2
8.5408E+2	1.3255E-2
8.5429E+2	1.5255E-2
8.5450E+2	1.4916E-2
8.5471E+2	1.4446E-2
8.5491E+2	1.4118E-2
8.5512E+2	1.4324E-2
8.5533E+2	1.3883E-2
8.5554E+2	1.2238E-2
8.5575E+2	1.2708E-2
8.5596E+2	1.2284E-2
8.5617E+2	1.3040E-2
8.5637E+2	1.0439E-2
8.5658E+2	1.4472E-2
8.5679E+2	1.3039E-2
8.5700E+2	1.1149E-2
8.5721E+2	9.8769E-3
8.5742E+2	1.2633E-2
8.5762E+2	1.1510E-2
8.5783E+2	1.0828E-2
8.5804E+2	1.0416E-2
8.5825E+2	1.1201E-2
8.5846E+2	1.0130E-2
8.5867E+2	9.9580E-3
8.5887E+2	1.0376E-2
8.5908E+2	1.1219E-2
8.5929E+2	8.7727E-3
8.5950E+2	7.8160E-3
8.5971E+2	1.0349E-2
8.5992E+2	1.1404E-2
8.6012E+2	1.0190E-2
8.6033E+2	9.8003E-3
8.6054E+2	9.6117E-3
8.6075E+2	1.0518E-2
8.6096E+2	9.8477E-3
8.6116E+2	7.8877E-3
8.6137E+2	9.5964E-3
8.6158E+2	7.7567E-3
8.6179E+2	8.6402E-3
8.6200E+2	9.4722E-3
8.6220E+2	6.5599E-3
8.6241E+2	9.1639E-3
8.6262E+2	9.4858E-3
8.6283E+2	6.9228E-3
8.6304E+2	7.4224E-3
8.6324E+2	8.4442E-3
8.6345E+2	7.0049E-3
8.6366E+2	5.4333E-3
8.6387E+2	5.9330E-3
8.6408E+2	7.5403E-3
8.6428E+2	6.3474E-3
8.6449E+2	5.0681E-3
8.6470E+2	6.4348E-3
8.6491E+2	6.2748E-3
8.6511E+2	9.6515E-3
8.6532E+2	5.2254E-3
8.6553E+2	4.8987E-3
8.6574E+2	5.5828E-3
8.6595E+2	6.7611E-3
8.6615E+2	5.6819E-3
8.6636E+2	6.9349E-3
8.6657E+2	4.8671E-3
8.6678E+2	6.5114E-3
8.6698E+2	7.1790E-3
8.6719E+2	6.2718E-3
8.6740E+2	5.7782E-3
8.6761E+2	3.7032E-3
8.6781E+2	5.4637E-3
8.6802E+2	6.7587E-3
8.6823E+2	5.9659E-3
8.6844E+2	4.8563E-3
8.6864E+2	7.0325E-3
8.6885E+2	4.2421E-3
8.6906E+2	4.9448E-3
8.6927E+2	5.1758E-3
8.6947E+2	4.8025E-3
8.6968E+2	5.6499E-3
8.6989E+2	6.4632E-3
8.7010E+2	5.9862E-3
8.7030E+2	4.3507E-3
8.7051E+2	3.9423E-3
8.7072E+2	4.8481E-3
8.7093E+2	2.8541E-3
8.7113E+2	4.7693E-3
8.7134E+2	5.4394E-3
8.7155E+2	5.4174E-3
8.7175E+2	3.6874E-3
8.7196E+2	4.5882E-3
8.7217E+2	4.1272E-3
8.7238E+2	5.3926E-3
8.7258E+2	4.4871E-3
8.7279E+2	4.8057E-3
8.7300E+2	4.1482E-3
8.7320E+2	3.1436E-3
8.7341E+2	3.6357E-3
8.7362E+2	3.7984E-3
8.7383E+2	4.2445E-3
8.7403E+2	3.9159E-3
8.7424E+2	4.0499E-3
8.7445E+2	2.0601E-3
8.7465E+2	4.6943E-3
8.7486E+2	3.5546E-3
8.7507E+2	2.3915E-3
8.7527E+2	4.1529E-3
8.7548E+2	2.6360E-3
8.7569E+2	1.5009E-3
8.7590E+2	3.3678E-3
8.7610E+2	2.7251E-3
8.7631E+2	3.3464E-3
8.7652E+2	2.8136E-3
8.7672E+2	1.6190E-3
8.7693E+2	3.2272E-3
8.7714E+2	2.9320E-3
8.7734E+2	3.9143E-3
8.7755E+2	2.1669E-3
8.7776E+2	3.9743E-3
8.7796E+2	3.0396E-3
8.7817E+2	2.4242E-3
8.7838E+2	2.6110E-3
8.7858E+2	2.3209E-3
8.7879E+2	3.2759E-3
8.7900E+2	4.2140E-3
8.7920E+2	2.7539E-3
8.7941E+2	1.2114E-3
8.7962E+2	1.9866E-3
8.7982E+2	3.3742E-3
8.8003E+2	1.2475E-3
8.8024E+2	3.3180E-3
8.8044E+2	3.4182E-3
8.8065E+2	3.1393E-3
8.8086E+2	2.5099E-3
8.8106E+2	2.1134E-3
8.8127E+2	2.7856E-3
8.8148E+2	3.4993E-3
8.8168E+2	2.2616E-3
8.8189E+2	2.4435E-3
8.8209E+2	1.9590E-3
8.8230E+2	3.6444E-3
8.8251E+2	1.6502E-3
8.8271E+2	2.1718E-3
8.8292E+2	1.7626E-3
8.8313E+2	2.4428E-3
8.8333E+2	3.6626E-3
8.8354E+2	2.4211E-3
8.8374E+2	2.0877E-3
8.8395E+2	2.8980E-3
8.8416E+2	8.5671E-4
8.8436E+2	2.4301E-3
8.8457E+2	1.1568E-3
8.8478E+2	2.5024E-3
8.8498E+2	1.1576E-3
8.8519E+2	8.3476E-4
8.8539E+2	3.6579E-3
8.8560E+2	2.2356E-3
8.8581E+2	7.4744E-4
8.8601E+2	1.7133E-3
8.8622E+2	2.3795E-3
8.8642E+2	2.2567E-3
8.8663E+2	8.6650E-4
8.8684E+2	2.8659E-3
8.8704E+2	1.5928E-3
8.8725E+2	2.9390E-3
8.8745E+2	4.2273E-3
8.8766E+2	1.2048E-3
8.8787E+2	2.3749E-3
8.8807E+2	3.4752E-3
8.8828E+2	1.5432E-3
8.8848E+2	2.7091E-3
8.8869E+2	3.4085E-3
8.8890E+2	1.8412E-3
8.8910E+2	2.1381E-3
8.8931E+2	4.2069E-3
8.8951E+2	3.2306E-3
