PLQY measurement:
Date: 	12.04.2023 13:04:57
Peak emission wavelength (nm): 776
 PLQY = 	 	6.43E-3
absorded light fraction (%): 87
MAYA saturard: FALSE
USB2000 saturaed: FALSE
wavelength	corrected total emission spec
6.7588E+2	4.7604E-4
6.7611E+2	8.9119E-4
6.7633E+2	4.0924E-3
6.7655E+2	2.8864E-3
6.7677E+2	2.1734E-3
6.7700E+2	3.6315E-3
6.7722E+2	1.9747E-3
6.7744E+2	-1.8977E-3
6.7766E+2	2.5995E-3
6.7789E+2	-1.8043E-3
6.7811E+2	7.7918E-3
6.7833E+2	-1.1112E-3
6.7856E+2	1.6347E-3
6.7878E+2	4.5341E-3
6.7900E+2	4.4106E-3
6.7922E+2	1.8309E-3
6.7945E+2	3.3799E-3
6.7967E+2	1.7378E-3
6.7989E+2	3.0087E-3
6.8011E+2	1.0109E-3
6.8034E+2	7.1940E-3
6.8056E+2	1.3529E-3
6.8078E+2	1.7394E-3
6.8100E+2	1.8516E-3
6.8123E+2	-1.1319E-3
6.8145E+2	1.1443E-4
6.8167E+2	3.1700E-3
6.8189E+2	1.1410E-4
6.8212E+2	3.1755E-3
6.8234E+2	-7.1076E-4
6.8256E+2	2.0151E-3
6.8278E+2	1.8427E-3
6.8300E+2	8.5196E-3
6.8323E+2	5.0859E-3
6.8345E+2	2.2142E-3
6.8367E+2	-1.0982E-3
6.8389E+2	4.0360E-3
6.8412E+2	4.0577E-3
6.8434E+2	-4.3449E-3
6.8456E+2	-6.9959E-5
6.8478E+2	1.4115E-3
6.8500E+2	-8.3722E-5
6.8523E+2	3.1341E-3
6.8545E+2	2.5724E-3
6.8567E+2	-1.3049E-3
6.8589E+2	5.4075E-4
6.8611E+2	3.6546E-3
6.8634E+2	6.1218E-3
6.8656E+2	5.6008E-3
6.8678E+2	1.9704E-3
6.8700E+2	2.2287E-3
6.8722E+2	2.7467E-3
6.8745E+2	4.3322E-3
6.8767E+2	7.3905E-4
6.8789E+2	-9.5691E-5
6.8811E+2	1.5013E-3
6.8833E+2	5.9948E-4
6.8856E+2	2.9514E-3
6.8878E+2	3.6408E-3
6.8900E+2	2.2516E-3
6.8922E+2	8.1240E-4
6.8944E+2	2.5411E-3
6.8966E+2	4.1154E-3
6.8989E+2	-1.0108E-3
6.9011E+2	2.5970E-3
6.9033E+2	2.4581E-3
6.9055E+2	1.2068E-3
6.9077E+2	1.2054E-3
6.9099E+2	3.0088E-3
6.9122E+2	2.2560E-3
6.9144E+2	9.1945E-4
6.9166E+2	4.2567E-3
6.9188E+2	2.8301E-3
6.9210E+2	3.1042E-3
6.9232E+2	2.4896E-3
6.9255E+2	3.6485E-3
6.9277E+2	2.7449E-3
6.9299E+2	2.0958E-3
6.9321E+2	3.6454E-3
6.9343E+2	4.8081E-3
6.9365E+2	3.8424E-3
6.9387E+2	5.0168E-3
6.9410E+2	3.1780E-3
6.9432E+2	1.3969E-3
6.9454E+2	3.8184E-3
6.9476E+2	7.0512E-3
6.9498E+2	2.6898E-3
6.9520E+2	-1.7644E-3
6.9542E+2	3.3672E-3
6.9565E+2	6.1797E-3
6.9587E+2	4.8655E-3
6.9609E+2	2.0625E-3
6.9631E+2	7.7994E-3
6.9653E+2	2.6337E-3
6.9675E+2	7.2076E-3
6.9697E+2	5.8925E-3
6.9719E+2	2.7754E-3
6.9742E+2	4.1622E-3
6.9764E+2	3.5940E-3
6.9786E+2	-5.8524E-4
6.9808E+2	-1.3978E-4
6.9830E+2	2.6263E-3
6.9852E+2	2.1024E-3
6.9874E+2	3.6664E-3
6.9896E+2	6.8658E-3
6.9918E+2	5.9501E-3
6.9941E+2	7.6020E-3
6.9963E+2	9.3978E-3
6.9985E+2	1.2291E-3
7.0007E+2	2.1660E-3
7.0029E+2	5.5274E-3
7.0051E+2	8.8521E-3
7.0073E+2	2.2060E-3
7.0095E+2	5.8474E-4
7.0117E+2	6.8844E-3
7.0139E+2	3.6601E-3
7.0161E+2	1.3252E-3
7.0184E+2	1.8792E-3
7.0206E+2	4.3319E-3
7.0228E+2	3.3653E-3
7.0250E+2	9.2801E-3
7.0272E+2	3.2435E-3
7.0294E+2	3.7529E-3
7.0316E+2	7.3825E-3
7.0338E+2	1.0517E-2
7.0360E+2	1.2209E-3
7.0382E+2	3.6197E-3
7.0404E+2	4.7082E-3
7.0426E+2	1.8460E-3
7.0448E+2	4.5004E-3
7.0470E+2	1.0089E-2
7.0492E+2	4.8359E-3
7.0515E+2	2.4016E-3
7.0537E+2	3.4215E-3
7.0559E+2	1.9374E-3
7.0581E+2	4.3851E-3
7.0603E+2	9.6302E-3
7.0625E+2	4.2499E-3
7.0647E+2	9.4173E-3
7.0669E+2	3.9988E-3
7.0691E+2	6.3163E-3
7.0713E+2	6.1505E-3
7.0735E+2	7.0421E-3
7.0757E+2	5.2162E-4
7.0779E+2	7.2349E-3
7.0801E+2	3.2983E-3
7.0823E+2	4.3192E-3
7.0845E+2	5.7369E-3
7.0867E+2	4.8359E-3
7.0889E+2	7.8828E-3
7.0911E+2	1.0812E-2
7.0933E+2	7.6793E-3
7.0955E+2	7.3152E-3
7.0977E+2	4.8905E-3
7.0999E+2	8.8333E-3
7.1021E+2	5.7815E-3
7.1043E+2	1.1043E-2
7.1065E+2	6.4334E-3
7.1087E+2	5.2333E-3
7.1109E+2	7.1324E-3
7.1131E+2	7.5929E-3
7.1153E+2	8.5356E-3
7.1175E+2	6.5772E-3
7.1197E+2	8.1544E-3
7.1219E+2	1.0263E-2
7.1241E+2	7.5777E-3
7.1263E+2	7.8271E-3
7.1285E+2	8.7943E-3
7.1307E+2	7.7129E-3
7.1329E+2	1.0818E-2
7.1351E+2	8.1755E-3
7.1373E+2	9.3851E-3
7.1395E+2	1.0059E-2
7.1417E+2	1.1460E-2
7.1439E+2	9.7716E-3
7.1461E+2	7.4002E-3
7.1483E+2	7.9830E-3
7.1505E+2	1.1347E-2
7.1527E+2	8.6658E-3
7.1549E+2	7.9359E-3
7.1571E+2	1.1520E-2
7.1593E+2	1.2815E-2
7.1615E+2	1.0688E-2
7.1637E+2	1.2099E-2
7.1659E+2	1.2280E-2
7.1681E+2	9.7425E-3
7.1703E+2	1.7116E-2
7.1725E+2	8.5152E-3
7.1747E+2	1.0882E-2
7.1769E+2	1.1122E-2
7.1791E+2	1.0423E-2
7.1813E+2	1.2380E-2
7.1835E+2	1.2358E-2
7.1857E+2	8.6729E-3
7.1879E+2	1.4638E-2
7.1901E+2	1.3240E-2
7.1923E+2	1.8290E-2
7.1944E+2	1.4237E-2
7.1966E+2	1.1901E-2
7.1988E+2	1.4466E-2
7.2010E+2	1.3004E-2
7.2032E+2	1.5455E-2
7.2054E+2	1.6645E-2
7.2076E+2	1.7079E-2
7.2098E+2	1.1728E-2
7.2120E+2	1.5283E-2
7.2142E+2	1.7388E-2
7.2164E+2	1.9164E-2
7.2186E+2	1.7391E-2
7.2208E+2	1.7210E-2
7.2230E+2	1.3393E-2
7.2252E+2	1.6356E-2
7.2273E+2	1.9022E-2
7.2295E+2	1.7453E-2
7.2317E+2	1.8077E-2
7.2339E+2	2.3340E-2
7.2361E+2	2.0442E-2
7.2383E+2	1.8259E-2
7.2405E+2	1.9971E-2
7.2427E+2	2.5715E-2
7.2449E+2	1.9117E-2
7.2471E+2	1.9662E-2
7.2493E+2	2.0963E-2
7.2514E+2	2.1458E-2
7.2536E+2	1.8466E-2
7.2558E+2	1.8943E-2
7.2580E+2	1.9494E-2
7.2602E+2	2.0361E-2
7.2624E+2	2.2961E-2
7.2646E+2	2.0032E-2
7.2668E+2	2.2018E-2
7.2690E+2	2.5164E-2
7.2711E+2	2.8654E-2
7.2733E+2	2.3260E-2
7.2755E+2	2.0906E-2
7.2777E+2	2.1781E-2
7.2799E+2	2.3861E-2
7.2821E+2	2.4573E-2
7.2843E+2	2.6493E-2
7.2865E+2	2.8519E-2
7.2886E+2	2.7425E-2
7.2908E+2	2.8639E-2
7.2930E+2	2.9908E-2
7.2952E+2	3.2036E-2
7.2974E+2	2.6901E-2
7.2996E+2	3.1994E-2
7.3018E+2	2.8973E-2
7.3039E+2	3.2449E-2
7.3061E+2	2.8807E-2
7.3083E+2	2.6628E-2
7.3105E+2	2.5873E-2
7.3127E+2	3.2938E-2
7.3149E+2	2.8161E-2
7.3171E+2	4.0946E-2
7.3192E+2	3.4101E-2
7.3214E+2	3.2537E-2
7.3236E+2	3.3440E-2
7.3258E+2	3.9540E-2
7.3280E+2	3.8227E-2
7.3302E+2	3.9586E-2
7.3323E+2	3.6394E-2
7.3345E+2	4.2987E-2
7.3367E+2	3.9001E-2
7.3389E+2	3.7944E-2
7.3411E+2	3.5799E-2
7.3433E+2	4.1699E-2
7.3454E+2	3.4769E-2
7.3476E+2	4.0331E-2
7.3498E+2	4.1361E-2
7.3520E+2	3.7540E-2
7.3542E+2	4.2124E-2
7.3564E+2	4.5553E-2
7.3585E+2	4.4886E-2
7.3607E+2	4.9385E-2
7.3629E+2	5.1730E-2
7.3651E+2	5.0796E-2
7.3673E+2	4.5941E-2
7.3694E+2	5.1642E-2
7.3716E+2	4.8654E-2
7.3738E+2	4.6711E-2
7.3760E+2	5.0530E-2
7.3782E+2	5.1810E-2
7.3803E+2	4.7482E-2
7.3825E+2	4.9539E-2
7.3847E+2	5.4095E-2
7.3869E+2	5.2531E-2
7.3891E+2	5.4315E-2
7.3912E+2	5.4833E-2
7.3934E+2	5.5020E-2
7.3956E+2	5.7457E-2
7.3978E+2	6.0856E-2
7.4000E+2	6.2501E-2
7.4021E+2	6.2337E-2
7.4043E+2	6.4792E-2
7.4065E+2	6.3722E-2
7.4087E+2	6.2352E-2
7.4108E+2	6.2578E-2
7.4130E+2	6.6277E-2
7.4152E+2	6.4333E-2
7.4174E+2	6.7406E-2
7.4196E+2	6.5485E-2
7.4217E+2	7.3481E-2
7.4239E+2	7.2000E-2
7.4261E+2	7.4756E-2
7.4283E+2	7.0755E-2
7.4304E+2	7.6776E-2
7.4326E+2	7.4822E-2
7.4348E+2	7.6833E-2
7.4370E+2	7.5323E-2
7.4391E+2	7.8556E-2
7.4413E+2	7.4793E-2
7.4435E+2	8.0397E-2
7.4457E+2	8.1646E-2
7.4478E+2	8.1607E-2
7.4500E+2	8.3826E-2
7.4522E+2	8.6356E-2
7.4544E+2	8.2174E-2
7.4565E+2	8.4385E-2
7.4587E+2	8.8097E-2
7.4609E+2	8.7169E-2
7.4631E+2	8.7199E-2
7.4652E+2	9.3631E-2
7.4674E+2	9.0134E-2
7.4696E+2	9.7278E-2
7.4717E+2	1.0039E-1
7.4739E+2	9.9743E-2
7.4761E+2	1.0095E-1
7.4783E+2	9.9520E-2
7.4804E+2	1.0680E-1
7.4826E+2	1.0239E-1
7.4848E+2	1.0395E-1
7.4869E+2	1.0721E-1
7.4891E+2	1.0953E-1
7.4913E+2	1.0928E-1
7.4935E+2	1.1211E-1
7.4956E+2	1.1010E-1
7.4978E+2	1.1005E-1
7.5000E+2	1.1396E-1
7.5021E+2	1.2029E-1
7.5043E+2	1.1386E-1
7.5065E+2	1.1753E-1
7.5087E+2	1.1645E-1
7.5108E+2	1.1876E-1
7.5130E+2	1.2235E-1
7.5152E+2	1.2496E-1
7.5173E+2	1.1984E-1
7.5195E+2	1.2648E-1
7.5217E+2	1.3065E-1
7.5238E+2	1.2847E-1
7.5260E+2	1.3247E-1
7.5282E+2	1.3621E-1
7.5303E+2	1.3740E-1
7.5325E+2	1.4485E-1
7.5347E+2	1.3858E-1
7.5368E+2	1.4226E-1
7.5390E+2	1.4551E-1
7.5412E+2	1.5058E-1
7.5433E+2	1.4578E-1
7.5455E+2	1.4617E-1
7.5477E+2	1.4994E-1
7.5498E+2	1.4358E-1
7.5520E+2	1.5372E-1
7.5542E+2	1.5248E-1
7.5563E+2	1.5474E-1
7.5585E+2	1.5636E-1
7.5607E+2	1.6220E-1
7.5628E+2	1.5832E-1
7.5650E+2	1.5778E-1
7.5672E+2	1.6343E-1
7.5693E+2	1.6243E-1
7.5715E+2	1.6866E-1
7.5737E+2	1.7300E-1
7.5758E+2	1.7123E-1
7.5780E+2	1.7359E-1
7.5802E+2	1.7561E-1
7.5823E+2	1.7681E-1
7.5845E+2	1.7765E-1
7.5866E+2	1.8402E-1
7.5888E+2	1.7789E-1
7.5910E+2	1.8384E-1
7.5931E+2	1.9033E-1
7.5953E+2	1.8757E-1
7.5975E+2	1.9207E-1
7.5996E+2	1.8636E-1
7.6018E+2	1.9232E-1
7.6040E+2	1.9408E-1
7.6061E+2	1.9459E-1
7.6083E+2	1.9567E-1
7.6104E+2	1.9992E-1
7.6126E+2	1.9919E-1
7.6148E+2	2.0174E-1
7.6169E+2	1.9849E-1
7.6191E+2	2.0154E-1
7.6212E+2	2.0798E-1
7.6234E+2	2.1025E-1
7.6256E+2	2.0926E-1
7.6277E+2	2.1133E-1
7.6299E+2	2.1366E-1
7.6320E+2	2.1526E-1
7.6342E+2	2.2835E-1
7.6364E+2	2.2271E-1
7.6385E+2	2.2278E-1
7.6407E+2	2.2779E-1
7.6428E+2	2.2663E-1
7.6450E+2	2.2899E-1
7.6472E+2	2.3030E-1
7.6493E+2	2.3026E-1
7.6515E+2	2.3071E-1
7.6536E+2	2.3304E-1
7.6558E+2	2.3124E-1
7.6579E+2	2.3376E-1
7.6601E+2	2.2876E-1
7.6623E+2	2.2993E-1
7.6644E+2	2.3524E-1
7.6666E+2	2.3761E-1
7.6687E+2	2.4027E-1
7.6709E+2	2.3474E-1
7.6730E+2	2.3569E-1
7.6752E+2	2.4097E-1
7.6774E+2	2.4037E-1
7.6795E+2	2.4167E-1
7.6817E+2	2.4349E-1
7.6838E+2	2.4820E-1
7.6860E+2	2.4601E-1
7.6881E+2	2.5928E-1
7.6903E+2	2.5185E-1
7.6925E+2	2.5251E-1
7.6946E+2	2.5361E-1
7.6968E+2	2.5855E-1
7.6989E+2	2.6010E-1
7.7011E+2	2.6289E-1
7.7032E+2	2.5655E-1
7.7054E+2	2.5428E-1
7.7075E+2	2.5892E-1
7.7097E+2	2.5869E-1
7.7118E+2	2.5804E-1
7.7140E+2	2.5700E-1
7.7161E+2	2.5464E-1
7.7183E+2	2.5660E-1
7.7205E+2	2.5526E-1
7.7226E+2	2.5570E-1
7.7248E+2	2.5207E-1
7.7269E+2	2.5358E-1
7.7291E+2	2.4888E-1
7.7312E+2	2.5463E-1
7.7334E+2	2.5034E-1
7.7355E+2	2.5500E-1
7.7377E+2	2.5782E-1
7.7398E+2	2.6111E-1
7.7420E+2	2.6141E-1
7.7441E+2	2.5886E-1
7.7463E+2	2.6157E-1
7.7484E+2	2.6392E-1
7.7506E+2	2.6519E-1
7.7527E+2	2.5637E-1
7.7549E+2	2.5934E-1
7.7570E+2	2.6525E-1
7.7592E+2	2.6053E-1
7.7613E+2	2.6257E-1
7.7635E+2	2.5373E-1
7.7656E+2	2.6104E-1
7.7678E+2	2.5689E-1
7.7699E+2	2.5498E-1
7.7721E+2	2.4951E-1
7.7742E+2	2.4968E-1
7.7764E+2	2.4560E-1
7.7785E+2	2.5072E-1
7.7807E+2	2.4217E-1
7.7828E+2	2.4449E-1
7.7850E+2	2.4284E-1
7.7871E+2	2.3823E-1
7.7893E+2	2.4135E-1
7.7914E+2	2.3935E-1
7.7936E+2	2.3987E-1
7.7957E+2	2.3791E-1
7.7978E+2	2.4113E-1
7.8000E+2	2.3753E-1
7.8021E+2	2.3416E-1
7.8043E+2	2.3983E-1
7.8064E+2	2.3620E-1
7.8086E+2	2.3293E-1
7.8107E+2	2.3096E-1
7.8129E+2	2.3699E-1
7.8150E+2	2.3515E-1
7.8172E+2	2.2982E-1
7.8193E+2	2.2691E-1
7.8214E+2	2.2555E-1
7.8236E+2	2.2591E-1
7.8257E+2	2.2288E-1
7.8279E+2	2.2057E-1
7.8300E+2	2.2442E-1
7.8322E+2	2.1818E-1
7.8343E+2	2.1482E-1
7.8365E+2	2.1525E-1
7.8386E+2	2.0808E-1
7.8407E+2	2.1131E-1
7.8429E+2	2.0779E-1
7.8450E+2	2.0668E-1
7.8472E+2	2.0660E-1
7.8493E+2	2.0725E-1
7.8515E+2	2.0158E-1
7.8536E+2	1.9974E-1
7.8557E+2	2.0211E-1
7.8579E+2	1.9840E-1
7.8600E+2	1.9816E-1
7.8622E+2	1.9917E-1
7.8643E+2	1.9641E-1
7.8665E+2	1.9849E-1
7.8686E+2	1.9333E-1
7.8707E+2	1.9243E-1
7.8729E+2	1.8969E-1
7.8750E+2	1.9449E-1
7.8772E+2	1.8913E-1
7.8793E+2	1.8847E-1
7.8814E+2	1.8422E-1
7.8836E+2	1.8740E-1
7.8857E+2	1.8322E-1
7.8879E+2	1.8115E-1
7.8900E+2	1.7485E-1
7.8921E+2	1.6976E-1
7.8943E+2	1.7647E-1
7.8964E+2	1.6475E-1
7.8985E+2	1.6798E-1
7.9007E+2	1.6754E-1
7.9028E+2	1.6790E-1
7.9050E+2	1.6722E-1
7.9071E+2	1.6445E-1
7.9092E+2	1.5772E-1
7.9114E+2	1.6101E-1
7.9135E+2	1.5680E-1
7.9157E+2	1.6014E-1
7.9178E+2	1.5587E-1
7.9199E+2	1.5810E-1
7.9221E+2	1.5499E-1
7.9242E+2	1.5394E-1
7.9263E+2	1.5668E-1
7.9285E+2	1.4757E-1
7.9306E+2	1.4600E-1
7.9327E+2	1.4839E-1
7.9349E+2	1.4672E-1
7.9370E+2	1.4473E-1
7.9392E+2	1.4071E-1
7.9413E+2	1.3728E-1
7.9434E+2	1.3771E-1
7.9456E+2	1.3401E-1
7.9477E+2	1.3681E-1
7.9498E+2	1.3066E-1
7.9520E+2	1.3299E-1
7.9541E+2	1.2955E-1
7.9562E+2	1.2780E-1
7.9584E+2	1.2889E-1
7.9605E+2	1.2288E-1
7.9626E+2	1.2272E-1
7.9648E+2	1.2173E-1
7.9669E+2	1.2004E-1
7.9690E+2	1.1947E-1
7.9712E+2	1.1703E-1
7.9733E+2	1.1326E-1
7.9754E+2	1.1571E-1
7.9776E+2	1.1078E-1
7.9797E+2	1.1042E-1
7.9818E+2	1.0937E-1
7.9840E+2	1.1216E-1
7.9861E+2	1.0815E-1
7.9882E+2	1.0694E-1
7.9904E+2	1.0683E-1
7.9925E+2	1.0448E-1
7.9946E+2	9.8093E-2
7.9967E+2	1.0454E-1
7.9989E+2	1.0268E-1
8.0010E+2	1.0199E-1
8.0031E+2	9.8148E-2
8.0053E+2	9.8572E-2
8.0074E+2	9.5459E-2
8.0095E+2	9.3270E-2
8.0117E+2	9.3021E-2
8.0138E+2	9.1667E-2
8.0159E+2	8.8447E-2
8.0180E+2	8.7091E-2
8.0202E+2	8.4354E-2
8.0223E+2	8.4674E-2
8.0244E+2	8.2137E-2
8.0266E+2	8.2578E-2
8.0287E+2	8.3241E-2
8.0308E+2	7.8750E-2
8.0329E+2	7.7901E-2
8.0351E+2	7.8200E-2
8.0372E+2	7.7888E-2
8.0393E+2	7.2441E-2
8.0415E+2	7.5729E-2
8.0436E+2	7.8200E-2
8.0457E+2	7.3139E-2
8.0478E+2	7.2738E-2
8.0500E+2	7.2462E-2
8.0521E+2	7.0946E-2
8.0542E+2	7.0790E-2
8.0563E+2	6.5312E-2
8.0585E+2	6.9438E-2
8.0606E+2	6.8653E-2
8.0627E+2	6.5309E-2
8.0648E+2	6.2522E-2
8.0670E+2	6.5048E-2
8.0691E+2	5.9660E-2
8.0712E+2	6.2746E-2
8.0733E+2	6.1080E-2
8.0755E+2	5.9822E-2
8.0776E+2	5.7827E-2
8.0797E+2	5.7786E-2
8.0818E+2	5.3109E-2
8.0840E+2	5.3569E-2
8.0861E+2	5.5073E-2
8.0882E+2	5.3467E-2
8.0903E+2	5.1189E-2
8.0925E+2	5.2809E-2
8.0946E+2	5.0950E-2
8.0967E+2	5.0133E-2
8.0988E+2	4.8545E-2
8.1009E+2	4.9833E-2
8.1031E+2	4.7301E-2
8.1052E+2	5.0539E-2
8.1073E+2	4.7105E-2
8.1094E+2	4.6870E-2
8.1116E+2	4.5189E-2
8.1137E+2	4.7832E-2
8.1158E+2	4.5539E-2
8.1179E+2	4.5081E-2
8.1200E+2	4.0467E-2
8.1222E+2	4.1370E-2
8.1243E+2	3.9928E-2
8.1264E+2	4.0228E-2
8.1285E+2	4.0813E-2
8.1306E+2	4.2178E-2
8.1328E+2	3.8373E-2
8.1349E+2	3.7041E-2
8.1370E+2	3.5728E-2
8.1391E+2	3.6393E-2
8.1412E+2	3.7034E-2
8.1434E+2	3.5148E-2
8.1455E+2	3.0728E-2
8.1476E+2	3.3809E-2
8.1497E+2	3.5134E-2
8.1518E+2	3.4797E-2
8.1540E+2	3.6168E-2
8.1561E+2	2.8884E-2
8.1582E+2	3.0993E-2
8.1603E+2	3.2641E-2
8.1624E+2	3.0092E-2
8.1645E+2	2.9871E-2
8.1667E+2	2.8307E-2
8.1688E+2	2.8252E-2
8.1709E+2	2.9086E-2
8.1730E+2	2.9371E-2
8.1751E+2	3.0372E-2
8.1772E+2	2.6457E-2
8.1794E+2	2.8425E-2
8.1815E+2	2.7732E-2
8.1836E+2	2.5613E-2
8.1857E+2	2.6426E-2
8.1878E+2	2.6486E-2
8.1899E+2	2.1973E-2
8.1921E+2	2.5939E-2
8.1942E+2	2.2843E-2
8.1963E+2	2.2778E-2
8.1984E+2	2.3640E-2
8.2005E+2	2.3287E-2
8.2026E+2	2.3543E-2
8.2047E+2	2.1640E-2
8.2069E+2	2.1307E-2
8.2090E+2	1.9590E-2
8.2111E+2	2.1680E-2
8.2132E+2	1.8570E-2
8.2153E+2	1.8484E-2
8.2174E+2	1.9184E-2
8.2195E+2	1.8300E-2
8.2216E+2	1.7687E-2
8.2238E+2	1.8311E-2
8.2259E+2	1.7571E-2
8.2280E+2	1.9946E-2
8.2301E+2	1.9503E-2
8.2322E+2	2.0533E-2
8.2343E+2	2.3895E-2
8.2364E+2	2.2164E-2
8.2385E+2	2.0192E-2
8.2407E+2	2.0204E-2
8.2428E+2	1.9840E-2
8.2449E+2	1.6005E-2
8.2470E+2	1.6312E-2
8.2491E+2	1.3967E-2
8.2512E+2	1.7197E-2
8.2533E+2	1.3494E-2
8.2554E+2	1.3228E-2
8.2575E+2	1.0971E-2
8.2596E+2	1.4140E-2
8.2618E+2	1.3775E-2
8.2639E+2	1.4831E-2
8.2660E+2	1.3498E-2
8.2681E+2	1.3085E-2
8.2702E+2	1.3899E-2
8.2723E+2	1.3475E-2
8.2744E+2	1.1880E-2
8.2765E+2	1.1045E-2
8.2786E+2	1.0936E-2
8.2807E+2	1.3051E-2
8.2828E+2	1.0722E-2
8.2849E+2	1.2070E-2
8.2871E+2	1.1789E-2
8.2892E+2	1.3400E-2
8.2913E+2	1.3002E-2
8.2934E+2	1.2451E-2
8.2955E+2	1.0568E-2
8.2976E+2	1.3720E-2
8.2997E+2	1.2409E-2
8.3018E+2	9.1221E-3
8.3039E+2	1.0660E-2
8.3060E+2	8.7698E-3
8.3081E+2	1.0365E-2
8.3102E+2	9.1264E-3
8.3123E+2	9.3397E-3
8.3144E+2	7.7218E-3
8.3165E+2	8.5203E-3
8.3186E+2	8.1909E-3
8.3208E+2	7.1247E-3
8.3229E+2	9.5295E-3
8.3250E+2	1.1045E-2
8.3271E+2	1.0136E-2
8.3292E+2	6.8407E-3
8.3313E+2	7.1127E-3
8.3334E+2	8.9360E-3
8.3355E+2	6.7348E-3
8.3376E+2	8.9711E-3
8.3397E+2	8.5728E-3
8.3418E+2	8.6695E-3
8.3439E+2	8.0494E-3
8.3460E+2	8.0992E-3
8.3481E+2	8.5507E-3
8.3502E+2	7.5589E-3
8.3523E+2	8.3884E-3
8.3544E+2	4.3209E-3
8.3565E+2	5.2498E-3
8.3586E+2	6.1032E-3
8.3607E+2	6.5375E-3
8.3628E+2	6.9771E-3
8.3649E+2	8.2993E-3
8.3670E+2	6.9905E-3
8.3691E+2	7.4297E-3
8.3712E+2	5.3038E-3
8.3733E+2	5.9984E-3
8.3754E+2	5.8634E-3
8.3775E+2	8.1288E-3
8.3796E+2	4.1796E-3
8.3817E+2	5.6971E-3
8.3838E+2	5.3190E-3
8.3859E+2	7.2987E-3
8.3880E+2	5.9996E-3
8.3901E+2	5.1875E-3
8.3922E+2	5.7361E-3
8.3943E+2	5.2023E-3
8.3964E+2	5.8895E-3
8.3985E+2	3.8116E-3
8.4006E+2	3.8052E-3
8.4027E+2	6.8977E-3
8.4048E+2	4.6244E-3
8.4069E+2	3.9760E-3
8.4090E+2	3.9231E-3
8.4111E+2	5.0891E-3
8.4132E+2	4.9320E-3
8.4153E+2	6.2704E-3
8.4174E+2	3.5617E-3
8.4195E+2	3.7860E-3
8.4216E+2	5.2393E-3
8.4237E+2	4.7713E-3
8.4258E+2	4.3724E-3
8.4279E+2	2.8086E-3
8.4300E+2	6.7174E-3
8.4321E+2	2.6980E-3
8.4342E+2	5.0836E-3
8.4362E+2	3.6823E-3
8.4383E+2	5.4504E-3
8.4404E+2	3.0646E-3
8.4425E+2	3.6573E-3
8.4446E+2	3.3055E-3
8.4467E+2	4.4508E-3
8.4488E+2	3.9204E-3
8.4509E+2	5.0479E-3
8.4530E+2	3.3839E-3
8.4551E+2	4.3270E-3
8.4572E+2	4.7923E-3
8.4593E+2	2.8243E-3
8.4614E+2	4.2847E-3
8.4635E+2	3.8297E-3
8.4656E+2	4.0189E-3
8.4677E+2	2.0984E-3
8.4697E+2	3.0293E-3
8.4718E+2	2.5748E-3
8.4739E+2	2.6032E-3
8.4760E+2	4.3496E-3
8.4781E+2	1.3386E-3
8.4802E+2	5.3766E-3
8.4823E+2	3.7735E-3
8.4844E+2	4.8355E-3
8.4865E+2	4.1458E-3
8.4886E+2	2.3081E-3
8.4907E+2	3.7661E-3
8.4928E+2	4.7072E-3
8.4948E+2	7.7488E-4
8.4969E+2	5.9229E-3
8.4990E+2	1.5093E-3
8.5011E+2	3.0928E-3
8.5032E+2	2.2778E-3
8.5053E+2	3.0004E-3
8.5074E+2	1.6808E-3
8.5095E+2	3.1605E-3
8.5116E+2	2.4720E-3
8.5137E+2	2.5464E-3
8.5157E+2	2.1505E-3
8.5178E+2	3.0162E-3
8.5199E+2	6.4793E-4
8.5220E+2	1.7716E-3
8.5241E+2	1.6110E-3
8.5262E+2	3.2906E-3
8.5283E+2	2.1611E-3
8.5304E+2	3.4564E-3
8.5324E+2	2.0863E-3
8.5345E+2	2.1378E-3
8.5366E+2	3.5877E-3
8.5387E+2	3.9601E-3
8.5408E+2	3.0144E-3
8.5429E+2	3.0486E-3
8.5450E+2	2.5442E-3
8.5471E+2	1.5242E-3
8.5491E+2	1.3121E-3
8.5512E+2	1.5986E-3
8.5533E+2	3.5867E-3
8.5554E+2	3.4148E-3
8.5575E+2	2.9678E-3
8.5596E+2	3.5235E-3
8.5617E+2	1.8391E-3
8.5637E+2	1.3807E-3
8.5658E+2	1.9536E-3
8.5679E+2	1.1286E-3
8.5700E+2	1.1172E-3
8.5721E+2	2.7843E-3
8.5742E+2	1.4724E-3
8.5762E+2	1.9135E-3
8.5783E+2	4.2110E-3
8.5804E+2	3.1511E-4
8.5825E+2	1.3521E-3
8.5846E+2	2.3720E-3
8.5867E+2	3.7586E-3
8.5887E+2	2.2919E-4
8.5908E+2	3.0827E-3
8.5929E+2	2.5040E-3
8.5950E+2	7.2201E-4
8.5971E+2	1.9025E-3
8.5992E+2	1.1118E-3
8.6012E+2	1.5416E-3
8.6033E+2	1.3755E-4
8.6054E+2	2.4129E-3
8.6075E+2	1.6507E-3
8.6096E+2	-4.5857E-4
8.6116E+2	1.6509E-3
8.6137E+2	9.3442E-4
8.6158E+2	1.3071E-3
8.6179E+2	2.0124E-3
8.6200E+2	1.6915E-3
8.6220E+2	8.1999E-4
8.6241E+2	3.6185E-3
8.6262E+2	3.7163E-3
8.6283E+2	2.9710E-3
8.6304E+2	1.4340E-3
8.6324E+2	3.3100E-3
8.6345E+2	2.5817E-4
8.6366E+2	1.7040E-3
8.6387E+2	2.6968E-3
8.6408E+2	9.1815E-4
8.6428E+2	1.2913E-3
8.6449E+2	1.4980E-3
8.6470E+2	1.0332E-3
8.6491E+2	1.8830E-3
8.6511E+2	-6.7750E-4
8.6532E+2	9.0153E-4
8.6553E+2	4.2899E-3
8.6574E+2	-7.7539E-4
8.6595E+2	1.9531E-3
8.6615E+2	5.9749E-4
8.6636E+2	2.4304E-3
8.6657E+2	1.3733E-3
8.6678E+2	2.2356E-3
8.6698E+2	6.9549E-4
8.6719E+2	2.7249E-3
8.6740E+2	2.8057E-3
8.6761E+2	1.3283E-3
8.6781E+2	1.8921E-3
8.6802E+2	2.7610E-3
8.6823E+2	4.8901E-4
8.6844E+2	1.0760E-3
8.6864E+2	2.8199E-3
8.6885E+2	1.1051E-3
8.6906E+2	3.6842E-3
8.6927E+2	1.7387E-3
8.6947E+2	1.8772E-3
8.6968E+2	1.9697E-3
8.6989E+2	2.7074E-3
8.7010E+2	2.0684E-3
8.7030E+2	4.0741E-3
8.7051E+2	2.4726E-3
8.7072E+2	9.4542E-4
8.7093E+2	2.4505E-3
8.7113E+2	2.2261E-3
8.7134E+2	3.3744E-3
8.7155E+2	9.4617E-4
8.7175E+2	6.9246E-4
8.7196E+2	2.5567E-3
8.7217E+2	9.0049E-4
8.7238E+2	1.0854E-3
8.7258E+2	1.5996E-3
8.7279E+2	1.2014E-3
8.7300E+2	7.0485E-4
8.7320E+2	1.8434E-3
8.7341E+2	1.4392E-3
8.7362E+2	2.8155E-3
8.7383E+2	1.6192E-4
8.7403E+2	1.6022E-3
8.7424E+2	6.6533E-4
8.7445E+2	3.7094E-3
8.7465E+2	-1.7365E-4
8.7486E+2	1.5863E-3
8.7507E+2	-3.6480E-4
8.7527E+2	1.6333E-3
8.7548E+2	8.0530E-4
8.7569E+2	4.9257E-4
8.7590E+2	1.2289E-3
8.7610E+2	-1.6582E-3
8.7631E+2	-1.1889E-3
8.7652E+2	-7.7155E-4
8.7672E+2	1.5029E-3
8.7693E+2	1.4511E-4
8.7714E+2	9.4637E-4
8.7734E+2	2.7876E-3
8.7755E+2	1.3942E-3
8.7776E+2	1.7431E-3
8.7796E+2	2.5107E-3
8.7817E+2	7.4413E-4
8.7838E+2	1.8085E-3
8.7858E+2	1.8091E-3
8.7879E+2	2.7930E-4
8.7900E+2	-1.6123E-3
8.7920E+2	7.3942E-4
8.7941E+2	3.8031E-3
8.7962E+2	2.7556E-3
8.7982E+2	-2.3310E-4
8.8003E+2	1.1193E-3
8.8024E+2	2.0468E-3
8.8044E+2	2.5316E-3
8.8065E+2	5.6017E-4
8.8086E+2	2.3173E-3
8.8106E+2	-2.2185E-4
8.8127E+2	2.3944E-3
8.8148E+2	7.4776E-4
8.8168E+2	6.3113E-4
8.8189E+2	1.3445E-4
8.8209E+2	2.2105E-3
8.8230E+2	7.6047E-4
8.8251E+2	1.2816E-3
8.8271E+2	-4.4489E-4
8.8292E+2	1.5928E-3
8.8313E+2	1.2360E-3
8.8333E+2	2.3968E-3
8.8354E+2	2.8080E-3
8.8374E+2	9.3829E-4
8.8395E+2	1.5839E-3
8.8416E+2	2.6406E-4
8.8436E+2	2.5299E-3
8.8457E+2	2.9360E-4
8.8478E+2	4.4643E-4
8.8498E+2	1.1753E-4
8.8519E+2	-1.1757E-5
8.8539E+2	2.0583E-4
8.8560E+2	3.4122E-4
8.8581E+2	3.1781E-4
8.8601E+2	3.4266E-3
8.8622E+2	2.2735E-3
8.8642E+2	1.4024E-3
8.8663E+2	1.4147E-3
8.8684E+2	-3.8330E-4
8.8704E+2	2.0589E-3
