PLQY measurement:
Date: 	12.04.2023 13:03:45
Peak emission wavelength (nm): 776
 PLQY = 	 	1.53E-2
absorded light fraction (%): 86
MAYA saturard: FALSE
USB2000 saturaed: FALSE
wavelength	corrected total emission spec
6.7588E+2	3.7488E-3
6.7611E+2	2.9706E-3
6.7633E+2	1.2752E-3
6.7655E+2	5.8467E-3
6.7677E+2	-3.4005E-4
6.7700E+2	3.7791E-3
6.7722E+2	-1.2673E-3
6.7744E+2	2.5156E-3
6.7766E+2	-9.2523E-4
6.7789E+2	3.7700E-3
6.7811E+2	1.9333E-3
6.7833E+2	-8.1877E-4
6.7856E+2	-1.7223E-3
6.7878E+2	1.6183E-3
6.7900E+2	5.7207E-3
6.7922E+2	-5.8125E-5
6.7945E+2	6.5712E-3
6.7967E+2	1.4482E-4
6.7989E+2	3.0087E-3
6.8011E+2	3.1772E-3
6.8034E+2	1.2240E-2
6.8056E+2	3.0799E-3
6.8078E+2	6.0521E-3
6.8100E+2	5.2963E-3
6.8123E+2	1.0173E-3
6.8145E+2	3.1181E-3
6.8167E+2	3.7411E-3
6.8189E+2	1.1125E-3
6.8212E+2	-2.2357E-3
6.8234E+2	-1.1372E-3
6.8256E+2	-3.9450E-3
6.8278E+2	2.1261E-3
6.8300E+2	9.3687E-3
6.8323E+2	7.4876E-3
6.8345E+2	2.0731E-3
6.8367E+2	3.4072E-3
6.8389E+2	9.2392E-3
6.8412E+2	5.4617E-3
6.8434E+2	1.2614E-3
6.8456E+2	5.1070E-3
6.8478E+2	4.3324E-4
6.8500E+2	1.7302E-3
6.8523E+2	2.0197E-3
6.8545E+2	1.1819E-3
6.8567E+2	-3.8035E-3
6.8589E+2	5.3936E-3
6.8611E+2	-1.6058E-3
6.8634E+2	1.8379E-3
6.8656E+2	3.5316E-3
6.8678E+2	4.5884E-3
6.8700E+2	1.9536E-3
6.8722E+2	5.0814E-3
6.8745E+2	4.6063E-3
6.8767E+2	7.7189E-3
6.8789E+2	5.8781E-4
6.8811E+2	-6.8242E-4
6.8833E+2	2.7794E-3
6.8856E+2	5.5355E-3
6.8878E+2	4.8634E-3
6.8900E+2	1.1665E-3
6.8922E+2	4.8744E-3
6.8944E+2	5.9201E-3
6.8966E+2	2.2264E-3
6.8989E+2	5.8626E-3
6.9011E+2	6.2301E-3
6.9033E+2	5.2789E-3
6.9055E+2	6.7044E-3
6.9077E+2	8.0359E-4
6.9099E+2	2.0727E-3
6.9122E+2	4.9257E-3
6.9144E+2	2.7850E-3
6.9166E+2	4.1237E-3
6.9188E+2	8.3707E-4
6.9210E+2	1.7776E-3
6.9232E+2	7.5218E-3
6.9255E+2	2.7232E-3
6.9277E+2	3.0088E-3
6.9299E+2	4.3366E-3
6.9321E+2	4.8298E-3
6.9343E+2	5.9905E-3
6.9365E+2	5.1538E-3
6.9387E+2	8.1605E-3
6.9410E+2	5.0089E-3
6.9432E+2	5.7051E-3
6.9454E+2	5.6430E-3
6.9476E+2	3.6687E-3
6.9498E+2	4.5090E-3
6.9520E+2	3.0359E-3
6.9542E+2	3.1082E-3
6.9565E+2	6.4382E-3
6.9587E+2	6.0271E-3
6.9609E+2	8.1212E-3
6.9631E+2	2.7800E-3
6.9653E+2	7.5158E-3
6.9675E+2	5.6686E-3
6.9697E+2	7.4297E-3
6.9719E+2	4.1823E-3
6.9742E+2	7.0987E-3
6.9764E+2	3.4666E-3
6.9786E+2	7.3028E-3
6.9808E+2	-5.2101E-4
6.9830E+2	3.1339E-3
6.9852E+2	5.6487E-3
6.9874E+2	7.0800E-3
6.9896E+2	4.9727E-3
6.9918E+2	8.4713E-3
6.9941E+2	3.7003E-3
6.9963E+2	1.0529E-2
6.9985E+2	4.2391E-3
7.0007E+2	9.0521E-3
7.0029E+2	3.5265E-3
7.0051E+2	6.7296E-3
7.0073E+2	4.2001E-3
7.0095E+2	1.3312E-3
7.0117E+2	5.1446E-3
7.0139E+2	9.1193E-3
7.0161E+2	1.2224E-2
7.0184E+2	5.0937E-3
7.0206E+2	8.1579E-3
7.0228E+2	7.0635E-3
7.0250E+2	9.6493E-3
7.0272E+2	6.6836E-3
7.0294E+2	4.4887E-3
7.0316E+2	6.1582E-3
7.0338E+2	1.1006E-2
7.0360E+2	9.8894E-3
7.0382E+2	8.3728E-3
7.0404E+2	7.6280E-3
7.0426E+2	1.1805E-2
7.0448E+2	8.7461E-3
7.0470E+2	9.9675E-3
7.0492E+2	8.5837E-3
7.0515E+2	1.4349E-2
7.0537E+2	4.9877E-3
7.0559E+2	7.2320E-3
7.0581E+2	6.3074E-3
7.0603E+2	9.7501E-3
7.0625E+2	6.7639E-3
7.0647E+2	7.3856E-3
7.0669E+2	8.0573E-3
7.0691E+2	1.3467E-2
7.0713E+2	1.1147E-2
7.0735E+2	1.5236E-2
7.0757E+2	6.8048E-3
7.0779E+2	1.1379E-2
7.0801E+2	1.1928E-2
7.0823E+2	1.0220E-2
7.0845E+2	7.6217E-3
7.0867E+2	1.2602E-2
7.0889E+2	1.4227E-2
7.0911E+2	1.7849E-2
7.0933E+2	1.1776E-2
7.0955E+2	1.3158E-2
7.0977E+2	1.6095E-2
7.0999E+2	1.2679E-2
7.1021E+2	9.2714E-3
7.1043E+2	1.3830E-2
7.1065E+2	1.3504E-2
7.1087E+2	1.5769E-2
7.1109E+2	1.3028E-2
7.1131E+2	1.8094E-2
7.1153E+2	1.6944E-2
7.1175E+2	1.4856E-2
7.1197E+2	1.4012E-2
7.1219E+2	1.3818E-2
7.1241E+2	1.5362E-2
7.1263E+2	1.5826E-2
7.1285E+2	1.5068E-2
7.1307E+2	1.2840E-2
7.1329E+2	1.5254E-2
7.1351E+2	1.1582E-2
7.1373E+2	1.6639E-2
7.1395E+2	1.5829E-2
7.1417E+2	1.8466E-2
7.1439E+2	2.1394E-2
7.1461E+2	1.5961E-2
7.1483E+2	1.8440E-2
7.1505E+2	1.7969E-2
7.1527E+2	2.2343E-2
7.1549E+2	1.8457E-2
7.1571E+2	2.3140E-2
7.1593E+2	1.9173E-2
7.1615E+2	1.9484E-2
7.1637E+2	1.8215E-2
7.1659E+2	1.9497E-2
7.1681E+2	2.0161E-2
7.1703E+2	2.4750E-2
7.1725E+2	2.0553E-2
7.1747E+2	2.1136E-2
7.1769E+2	2.1033E-2
7.1791E+2	2.4056E-2
7.1813E+2	2.3575E-2
7.1835E+2	2.2218E-2
7.1857E+2	2.0266E-2
7.1879E+2	2.1411E-2
7.1901E+2	2.3929E-2
7.1923E+2	2.5476E-2
7.1944E+2	1.9997E-2
7.1966E+2	2.2750E-2
7.1988E+2	2.8228E-2
7.2010E+2	2.5338E-2
7.2032E+2	2.9602E-2
7.2054E+2	2.9043E-2
7.2076E+2	2.9563E-2
7.2098E+2	2.5809E-2
7.2120E+2	2.9342E-2
7.2142E+2	3.2708E-2
7.2164E+2	3.1035E-2
7.2186E+2	2.8066E-2
7.2208E+2	2.9260E-2
7.2230E+2	2.7233E-2
7.2252E+2	2.9959E-2
7.2273E+2	3.1328E-2
7.2295E+2	3.1749E-2
7.2317E+2	3.0136E-2
7.2339E+2	3.7176E-2
7.2361E+2	3.6045E-2
7.2383E+2	3.6044E-2
7.2405E+2	3.4993E-2
7.2427E+2	4.5116E-2
7.2449E+2	3.7762E-2
7.2471E+2	3.7022E-2
7.2493E+2	3.6414E-2
7.2514E+2	4.0112E-2
7.2536E+2	4.0313E-2
7.2558E+2	3.7232E-2
7.2580E+2	3.9725E-2
7.2602E+2	4.0142E-2
7.2624E+2	4.3121E-2
7.2646E+2	4.2839E-2
7.2668E+2	4.4181E-2
7.2690E+2	4.3587E-2
7.2711E+2	4.5400E-2
7.2733E+2	4.7361E-2
7.2755E+2	4.6193E-2
7.2777E+2	4.6425E-2
7.2799E+2	4.2239E-2
7.2821E+2	4.9340E-2
7.2843E+2	4.8876E-2
7.2865E+2	4.7917E-2
7.2886E+2	4.9426E-2
7.2908E+2	5.3349E-2
7.2930E+2	5.5084E-2
7.2952E+2	5.5048E-2
7.2974E+2	5.7329E-2
7.2996E+2	5.9352E-2
7.3018E+2	5.7404E-2
7.3039E+2	5.7124E-2
7.3061E+2	5.4741E-2
7.3083E+2	5.9313E-2
7.3105E+2	5.2514E-2
7.3127E+2	5.7156E-2
7.3149E+2	5.6223E-2
7.3171E+2	6.4985E-2
7.3192E+2	6.0181E-2
7.3214E+2	6.6094E-2
7.3236E+2	6.7630E-2
7.3258E+2	6.8262E-2
7.3280E+2	6.6904E-2
7.3302E+2	7.4313E-2
7.3323E+2	6.9685E-2
7.3345E+2	7.3966E-2
7.3367E+2	7.4741E-2
7.3389E+2	7.2456E-2
7.3411E+2	6.6444E-2
7.3433E+2	7.5409E-2
7.3454E+2	7.4645E-2
7.3476E+2	7.1789E-2
7.3498E+2	7.9958E-2
7.3520E+2	7.5302E-2
7.3542E+2	8.0497E-2
7.3564E+2	8.1061E-2
7.3585E+2	8.8906E-2
7.3607E+2	9.0275E-2
7.3629E+2	9.0060E-2
7.3651E+2	8.7141E-2
7.3673E+2	8.9976E-2
7.3694E+2	9.1110E-2
7.3716E+2	9.3206E-2
7.3738E+2	8.9497E-2
7.3760E+2	9.4010E-2
7.3782E+2	9.5879E-2
7.3803E+2	9.8871E-2
7.3825E+2	1.0112E-1
7.3847E+2	1.0354E-1
7.3869E+2	9.8502E-2
7.3891E+2	1.0511E-1
7.3912E+2	1.0535E-1
7.3934E+2	1.0075E-1
7.3956E+2	1.0977E-1
7.3978E+2	1.1385E-1
7.4000E+2	1.0915E-1
7.4021E+2	1.1199E-1
7.4043E+2	1.1445E-1
7.4065E+2	1.1069E-1
7.4087E+2	1.1472E-1
7.4108E+2	1.1424E-1
7.4130E+2	1.1980E-1
7.4152E+2	1.2183E-1
7.4174E+2	1.2785E-1
7.4196E+2	1.2343E-1
7.4217E+2	1.3044E-1
7.4239E+2	1.3283E-1
7.4261E+2	1.3328E-1
7.4283E+2	1.3769E-1
7.4304E+2	1.4186E-1
7.4326E+2	1.3715E-1
7.4348E+2	1.4465E-1
7.4370E+2	1.4067E-1
7.4391E+2	1.4343E-1
7.4413E+2	1.4246E-1
7.4435E+2	1.4840E-1
7.4457E+2	1.4601E-1
7.4478E+2	1.5348E-1
7.4500E+2	1.5875E-1
7.4522E+2	1.5818E-1
7.4544E+2	1.5603E-1
7.4565E+2	1.6242E-1
7.4587E+2	1.6855E-1
7.4609E+2	1.6840E-1
7.4631E+2	1.7061E-1
7.4652E+2	1.6629E-1
7.4674E+2	1.7273E-1
7.4696E+2	1.7627E-1
7.4717E+2	1.8231E-1
7.4739E+2	1.8127E-1
7.4761E+2	1.8819E-1
7.4783E+2	1.9093E-1
7.4804E+2	1.9056E-1
7.4826E+2	1.9552E-1
7.4848E+2	1.9029E-1
7.4869E+2	1.9790E-1
7.4891E+2	2.0121E-1
7.4913E+2	2.0299E-1
7.4935E+2	2.0331E-1
7.4956E+2	2.0750E-1
7.4978E+2	2.0961E-1
7.5000E+2	2.1824E-1
7.5021E+2	2.1798E-1
7.5043E+2	2.1701E-1
7.5065E+2	2.1843E-1
7.5087E+2	2.2523E-1
7.5108E+2	2.2577E-1
7.5130E+2	2.3326E-1
7.5152E+2	2.3327E-1
7.5173E+2	2.3243E-1
7.5195E+2	2.4017E-1
7.5217E+2	2.3945E-1
7.5238E+2	2.4655E-1
7.5260E+2	2.4747E-1
7.5282E+2	2.5784E-1
7.5303E+2	2.5848E-1
7.5325E+2	2.6021E-1
7.5347E+2	2.6026E-1
7.5368E+2	2.6580E-1
7.5390E+2	2.7206E-1
7.5412E+2	2.7911E-1
7.5433E+2	2.7975E-1
7.5455E+2	2.8278E-1
7.5477E+2	2.8371E-1
7.5498E+2	2.7833E-1
7.5520E+2	2.8557E-1
7.5542E+2	2.9524E-1
7.5563E+2	2.9893E-1
7.5585E+2	2.9857E-1
7.5607E+2	3.0725E-1
7.5628E+2	3.0482E-1
7.5650E+2	3.0546E-1
7.5672E+2	3.1460E-1
7.5693E+2	3.1782E-1
7.5715E+2	3.1644E-1
7.5737E+2	3.2021E-1
7.5758E+2	3.3073E-1
7.5780E+2	3.3721E-1
7.5802E+2	3.4078E-1
7.5823E+2	3.4204E-1
7.5845E+2	3.4425E-1
7.5866E+2	3.4945E-1
7.5888E+2	3.5228E-1
7.5910E+2	3.5456E-1
7.5931E+2	3.6167E-1
7.5953E+2	3.6766E-1
7.5975E+2	3.6942E-1
7.5996E+2	3.6603E-1
7.6018E+2	3.7341E-1
7.6040E+2	3.7257E-1
7.6061E+2	3.8176E-1
7.6083E+2	3.8237E-1
7.6104E+2	3.8342E-1
7.6126E+2	3.8923E-1
7.6148E+2	3.9735E-1
7.6169E+2	3.9502E-1
7.6191E+2	4.0224E-1
7.6212E+2	4.0964E-1
7.6234E+2	4.0448E-1
7.6256E+2	4.1466E-1
7.6277E+2	4.1611E-1
7.6299E+2	4.2395E-1
7.6320E+2	4.3084E-1
7.6342E+2	4.3487E-1
7.6364E+2	4.3492E-1
7.6385E+2	4.4649E-1
7.6407E+2	4.5252E-1
7.6428E+2	4.4325E-1
7.6450E+2	4.4874E-1
7.6472E+2	4.6193E-1
7.6493E+2	4.6240E-1
7.6515E+2	4.6795E-1
7.6536E+2	4.6750E-1
7.6558E+2	4.7263E-1
7.6579E+2	4.6484E-1
7.6601E+2	4.7775E-1
7.6623E+2	4.7193E-1
7.6644E+2	4.7616E-1
7.6666E+2	4.8065E-1
7.6687E+2	4.8390E-1
7.6709E+2	4.9078E-1
7.6730E+2	4.8964E-1
7.6752E+2	4.9467E-1
7.6774E+2	4.8829E-1
7.6795E+2	4.9689E-1
7.6817E+2	4.9929E-1
7.6838E+2	5.2074E-1
7.6860E+2	5.2041E-1
7.6881E+2	5.1539E-1
7.6903E+2	5.1748E-1
7.6925E+2	5.2428E-1
7.6946E+2	5.3113E-1
7.6968E+2	5.3085E-1
7.6989E+2	5.3581E-1
7.7011E+2	5.4136E-1
7.7032E+2	5.4087E-1
7.7054E+2	5.4646E-1
7.7075E+2	5.4765E-1
7.7097E+2	5.4156E-1
7.7118E+2	5.4933E-1
7.7140E+2	5.4762E-1
7.7161E+2	5.4003E-1
7.7183E+2	5.4305E-1
7.7205E+2	5.5465E-1
7.7226E+2	5.5203E-1
7.7248E+2	5.5817E-1
7.7269E+2	5.5547E-1
7.7291E+2	5.5508E-1
7.7312E+2	5.5502E-1
7.7334E+2	5.5266E-1
7.7355E+2	5.6012E-1
7.7377E+2	5.6708E-1
7.7398E+2	5.6399E-1
7.7420E+2	5.6892E-1
7.7441E+2	5.8240E-1
7.7463E+2	5.7266E-1
7.7484E+2	5.8166E-1
7.7506E+2	5.8416E-1
7.7527E+2	5.9068E-1
7.7549E+2	5.9117E-1
7.7570E+2	5.9178E-1
7.7592E+2	5.8716E-1
7.7613E+2	5.9287E-1
7.7635E+2	5.8566E-1
7.7656E+2	5.8908E-1
7.7678E+2	5.9136E-1
7.7699E+2	5.8996E-1
7.7721E+2	5.8046E-1
7.7742E+2	5.8144E-1
7.7764E+2	5.7544E-1
7.7785E+2	5.7196E-1
7.7807E+2	5.7712E-1
7.7828E+2	5.7226E-1
7.7850E+2	5.8069E-1
7.7871E+2	5.7180E-1
7.7893E+2	5.7109E-1
7.7914E+2	5.7004E-1
7.7936E+2	5.7052E-1
7.7957E+2	5.6632E-1
7.7978E+2	5.7362E-1
7.8000E+2	5.8077E-1
7.8021E+2	5.7543E-1
7.8043E+2	5.6985E-1
7.8064E+2	5.7707E-1
7.8086E+2	5.7764E-1
7.8107E+2	5.7238E-1
7.8129E+2	5.7629E-1
7.8150E+2	5.7321E-1
7.8172E+2	5.7015E-1
7.8193E+2	5.6634E-1
7.8214E+2	5.6746E-1
7.8236E+2	5.7043E-1
7.8257E+2	5.6107E-1
7.8279E+2	5.5415E-1
7.8300E+2	5.5461E-1
7.8322E+2	5.4646E-1
7.8343E+2	5.5399E-1
7.8365E+2	5.4457E-1
7.8386E+2	5.4549E-1
7.8407E+2	5.3476E-1
7.8429E+2	5.3618E-1
7.8450E+2	5.4133E-1
7.8472E+2	5.3659E-1
7.8493E+2	5.3107E-1
7.8515E+2	5.3164E-1
7.8536E+2	5.3226E-1
7.8557E+2	5.3144E-1
7.8579E+2	5.2906E-1
7.8600E+2	5.2482E-1
7.8622E+2	5.3168E-1
7.8643E+2	5.2588E-1
7.8665E+2	5.2548E-1
7.8686E+2	5.2766E-1
7.8707E+2	5.2389E-1
7.8729E+2	5.2395E-1
7.8750E+2	5.1826E-1
7.8772E+2	5.1513E-1
7.8793E+2	5.1044E-1
7.8814E+2	5.0408E-1
7.8836E+2	5.1118E-1
7.8857E+2	4.9976E-1
7.8879E+2	4.9733E-1
7.8900E+2	4.9190E-1
7.8921E+2	4.9448E-1
7.8943E+2	4.8821E-1
7.8964E+2	4.8199E-1
7.8985E+2	4.8676E-1
7.9007E+2	4.7439E-1
7.9028E+2	4.7401E-1
7.9050E+2	4.6673E-1
7.9071E+2	4.6051E-1
7.9092E+2	4.7274E-1
7.9114E+2	4.5972E-1
7.9135E+2	4.5993E-1
7.9157E+2	4.5982E-1
7.9178E+2	4.6532E-1
7.9199E+2	4.6126E-1
7.9221E+2	4.5400E-1
7.9242E+2	4.5907E-1
7.9263E+2	4.5496E-1
7.9285E+2	4.5273E-1
7.9306E+2	4.4479E-1
7.9327E+2	4.4299E-1
7.9349E+2	4.3876E-1
7.9370E+2	4.3753E-1
7.9392E+2	4.3452E-1
7.9413E+2	4.2666E-1
7.9434E+2	4.2468E-1
7.9456E+2	4.1929E-1
7.9477E+2	4.0937E-1
7.9498E+2	4.1097E-1
7.9520E+2	4.0782E-1
7.9541E+2	3.9675E-1
7.9562E+2	3.9354E-1
7.9584E+2	3.9198E-1
7.9605E+2	3.9334E-1
7.9626E+2	3.8025E-1
7.9648E+2	3.7901E-1
7.9669E+2	3.7515E-1
7.9690E+2	3.8077E-1
7.9712E+2	3.7533E-1
7.9733E+2	3.7202E-1
7.9754E+2	3.6415E-1
7.9776E+2	3.6420E-1
7.9797E+2	3.6037E-1
7.9818E+2	3.6042E-1
7.9840E+2	3.5424E-1
7.9861E+2	3.5464E-1
7.9882E+2	3.5304E-1
7.9904E+2	3.5269E-1
7.9925E+2	3.4875E-1
7.9946E+2	3.4476E-1
7.9967E+2	3.4109E-1
7.9989E+2	3.3703E-1
8.0010E+2	3.3010E-1
8.0031E+2	3.3016E-1
8.0053E+2	3.2412E-1
8.0074E+2	3.2261E-1
8.0095E+2	3.1172E-1
8.0117E+2	3.1476E-1
8.0138E+2	3.0255E-1
8.0159E+2	3.0282E-1
8.0180E+2	2.9513E-1
8.0202E+2	2.9425E-1
8.0223E+2	2.8943E-1
8.0244E+2	2.8889E-1
8.0266E+2	2.8563E-1
8.0287E+2	2.8259E-1
8.0308E+2	2.8142E-1
8.0329E+2	2.7526E-1
8.0351E+2	2.7387E-1
8.0372E+2	2.7188E-1
8.0393E+2	2.7365E-1
8.0415E+2	2.6561E-1
8.0436E+2	2.6436E-1
8.0457E+2	2.6139E-1
8.0478E+2	2.5542E-1
8.0500E+2	2.5342E-1
8.0521E+2	2.5638E-1
8.0542E+2	2.4910E-1
8.0563E+2	2.4946E-1
8.0585E+2	2.4424E-1
8.0606E+2	2.4106E-1
8.0627E+2	2.4030E-1
8.0648E+2	2.3884E-1
8.0670E+2	2.3212E-1
8.0691E+2	2.2749E-1
8.0712E+2	2.2714E-1
8.0733E+2	2.2309E-1
8.0755E+2	2.1810E-1
8.0776E+2	2.1354E-1
8.0797E+2	2.1092E-1
8.0818E+2	2.0770E-1
8.0840E+2	2.0769E-1
8.0861E+2	1.9644E-1
8.0882E+2	2.0219E-1
8.0903E+2	1.9792E-1
8.0925E+2	1.9282E-1
8.0946E+2	1.9272E-1
8.0967E+2	1.9173E-1
8.0988E+2	1.9209E-1
8.1009E+2	1.8790E-1
8.1031E+2	1.8437E-1
8.1052E+2	1.8612E-1
8.1073E+2	1.7919E-1
8.1094E+2	1.7558E-1
8.1116E+2	1.7779E-1
8.1137E+2	1.7434E-1
8.1158E+2	1.6912E-1
8.1179E+2	1.7011E-1
8.1200E+2	1.6640E-1
8.1222E+2	1.6425E-1
8.1243E+2	1.6371E-1
8.1264E+2	1.5914E-1
8.1285E+2	1.5424E-1
8.1306E+2	1.5101E-1
8.1328E+2	1.4837E-1
8.1349E+2	1.4831E-1
8.1370E+2	1.4384E-1
8.1391E+2	1.4481E-1
8.1412E+2	1.4091E-1
8.1434E+2	1.3878E-1
8.1455E+2	1.2989E-1
8.1476E+2	1.3249E-1
8.1497E+2	1.2900E-1
8.1518E+2	1.2656E-1
8.1540E+2	1.2916E-1
8.1561E+2	1.2442E-1
8.1582E+2	1.2370E-1
8.1603E+2	1.2228E-1
8.1624E+2	1.1963E-1
8.1645E+2	1.2026E-1
8.1667E+2	1.1668E-1
8.1688E+2	1.1574E-1
8.1709E+2	1.1424E-1
8.1730E+2	1.1418E-1
8.1751E+2	1.1033E-1
8.1772E+2	1.1232E-1
8.1794E+2	1.0746E-1
8.1815E+2	1.0931E-1
8.1836E+2	1.0529E-1
8.1857E+2	1.0547E-1
8.1878E+2	1.0328E-1
8.1899E+2	9.7772E-2
8.1921E+2	9.9424E-2
8.1942E+2	9.5095E-2
8.1963E+2	9.4635E-2
8.1984E+2	9.1635E-2
8.2005E+2	9.0592E-2
8.2026E+2	8.9391E-2
8.2047E+2	8.4653E-2
8.2069E+2	8.4171E-2
8.2090E+2	8.4035E-2
8.2111E+2	8.1323E-2
8.2132E+2	8.5278E-2
8.2153E+2	8.0275E-2
8.2174E+2	7.8027E-2
8.2195E+2	7.7890E-2
8.2216E+2	7.6128E-2
8.2238E+2	7.4705E-2
8.2259E+2	7.4832E-2
8.2280E+2	7.0524E-2
8.2301E+2	7.2910E-2
8.2322E+2	7.2491E-2
8.2343E+2	7.4939E-2
8.2364E+2	7.1346E-2
8.2385E+2	6.9174E-2
8.2407E+2	7.3617E-2
8.2428E+2	7.1870E-2
8.2449E+2	6.5525E-2
8.2470E+2	6.5218E-2
8.2491E+2	6.2852E-2
8.2512E+2	6.0559E-2
8.2533E+2	6.1213E-2
8.2554E+2	5.8681E-2
8.2575E+2	5.7587E-2
8.2596E+2	5.7612E-2
8.2618E+2	5.5991E-2
8.2639E+2	5.5968E-2
8.2660E+2	5.6387E-2
8.2681E+2	5.5367E-2
8.2702E+2	5.5162E-2
8.2723E+2	4.9713E-2
8.2744E+2	5.0282E-2
8.2765E+2	4.7606E-2
8.2786E+2	4.7252E-2
8.2807E+2	4.8472E-2
8.2828E+2	4.6894E-2
8.2849E+2	4.7346E-2
8.2871E+2	4.6287E-2
8.2892E+2	4.6710E-2
8.2913E+2	4.7767E-2
8.2934E+2	4.3974E-2
8.2955E+2	4.2021E-2
8.2976E+2	4.4516E-2
8.2997E+2	4.1086E-2
8.3018E+2	3.9725E-2
8.3039E+2	4.1017E-2
8.3060E+2	4.1342E-2
8.3081E+2	4.1169E-2
8.3102E+2	3.8397E-2
8.3123E+2	3.8307E-2
8.3144E+2	3.8083E-2
8.3165E+2	3.7175E-2
8.3186E+2	3.6195E-2
8.3208E+2	3.5822E-2
8.3229E+2	3.6347E-2
8.3250E+2	3.6569E-2
8.3271E+2	3.3433E-2
8.3292E+2	3.3923E-2
8.3313E+2	3.1852E-2
8.3334E+2	2.9526E-2
8.3355E+2	3.0001E-2
8.3376E+2	3.0247E-2
8.3397E+2	3.1651E-2
8.3418E+2	3.1625E-2
8.3439E+2	2.8959E-2
8.3460E+2	2.9701E-2
8.3481E+2	2.8982E-2
8.3502E+2	2.8973E-2
8.3523E+2	2.6771E-2
8.3544E+2	2.2233E-2
8.3565E+2	2.6063E-2
8.3586E+2	2.5343E-2
8.3607E+2	2.4029E-2
8.3628E+2	2.6206E-2
8.3649E+2	2.5606E-2
8.3670E+2	2.4176E-2
8.3691E+2	2.6178E-2
8.3712E+2	2.4511E-2
8.3733E+2	2.1952E-2
8.3754E+2	2.4306E-2
8.3775E+2	2.2334E-2
8.3796E+2	2.0875E-2
8.3817E+2	2.0418E-2
8.3838E+2	2.1543E-2
8.3859E+2	1.9753E-2
8.3880E+2	2.3720E-2
8.3901E+2	1.8214E-2
8.3922E+2	1.9686E-2
8.3943E+2	2.1521E-2
8.3964E+2	1.9427E-2
8.3985E+2	1.8676E-2
8.4006E+2	1.8899E-2
8.4027E+2	2.0022E-2
8.4048E+2	1.7862E-2
8.4069E+2	1.6401E-2
8.4090E+2	1.7212E-2
8.4111E+2	1.7566E-2
8.4132E+2	1.7695E-2
8.4153E+2	1.6663E-2
8.4174E+2	1.6723E-2
8.4195E+2	1.5964E-2
8.4216E+2	1.5337E-2
8.4237E+2	1.6079E-2
8.4258E+2	1.4179E-2
8.4279E+2	1.4170E-2
8.4300E+2	1.6116E-2
8.4321E+2	1.4862E-2
8.4342E+2	1.5458E-2
8.4362E+2	1.3882E-2
8.4383E+2	1.5476E-2
8.4404E+2	1.3318E-2
8.4425E+2	1.3621E-2
8.4446E+2	1.4593E-2
8.4467E+2	1.4182E-2
8.4488E+2	1.3765E-2
8.4509E+2	1.3106E-2
8.4530E+2	1.1786E-2
8.4551E+2	1.1692E-2
8.4572E+2	1.4227E-2
8.4593E+2	1.0992E-2
8.4614E+2	1.1589E-2
8.4635E+2	1.1765E-2
8.4656E+2	1.3850E-2
8.4677E+2	1.0607E-2
8.4697E+2	1.0732E-2
8.4718E+2	1.0219E-2
8.4739E+2	1.1281E-2
8.4760E+2	1.0612E-2
8.4781E+2	1.0358E-2
8.4802E+2	1.0432E-2
8.4823E+2	1.0895E-2
8.4844E+2	1.0463E-2
8.4865E+2	1.1611E-2
8.4886E+2	9.1978E-3
8.4907E+2	1.1057E-2
8.4928E+2	1.0620E-2
8.4948E+2	9.2698E-3
8.4969E+2	9.7682E-3
8.4990E+2	9.3138E-3
8.5011E+2	9.9211E-3
8.5032E+2	7.5563E-3
8.5053E+2	6.3279E-3
8.5074E+2	7.8188E-3
8.5095E+2	6.7168E-3
8.5116E+2	7.9780E-3
8.5137E+2	8.0521E-3
8.5157E+2	9.0896E-3
8.5178E+2	8.5212E-3
8.5199E+2	7.5286E-3
8.5220E+2	6.2437E-3
8.5241E+2	9.7520E-3
8.5262E+2	8.3927E-3
8.5283E+2	7.4922E-3
8.5304E+2	8.8445E-3
8.5324E+2	8.6205E-3
8.5345E+2	8.3277E-3
8.5366E+2	7.7715E-3
8.5387E+2	7.4560E-3
8.5408E+2	6.9686E-3
8.5429E+2	7.3465E-3
8.5450E+2	5.9824E-3
8.5471E+2	4.1600E-3
8.5491E+2	5.8961E-3
8.5512E+2	4.6354E-3
8.5533E+2	6.8526E-3
8.5554E+2	6.4514E-3
8.5575E+2	5.8325E-3
8.5596E+2	8.1069E-3
8.5617E+2	5.4485E-3
8.5637E+2	5.6776E-3
8.5658E+2	4.5317E-3
8.5679E+2	4.2223E-3
8.5700E+2	5.2994E-3
8.5721E+2	7.7686E-3
8.5742E+2	5.4255E-3
8.5762E+2	4.6062E-3
8.5783E+2	6.6172E-3
8.5804E+2	4.8412E-3
8.5825E+2	4.9616E-3
8.5846E+2	5.1222E-3
8.5867E+2	6.1077E-3
8.5887E+2	3.0367E-3
8.5908E+2	6.4633E-3
8.5929E+2	4.9106E-3
8.5950E+2	4.7905E-3
8.5971E+2	4.3666E-3
8.5992E+2	2.8883E-3
8.6012E+2	3.4328E-3
8.6033E+2	4.2640E-3
8.6054E+2	4.7628E-3
8.6075E+2	4.3447E-3
8.6096E+2	4.7576E-3
8.6116E+2	6.1221E-3
8.6137E+2	2.6542E-3
8.6158E+2	4.8042E-3
8.6179E+2	3.2737E-3
8.6200E+2	3.8703E-3
8.6220E+2	2.9990E-3
8.6241E+2	6.9446E-3
8.6262E+2	4.1751E-3
8.6283E+2	5.3226E-3
8.6304E+2	2.1797E-3
8.6324E+2	3.8263E-3
8.6345E+2	3.5856E-3
8.6366E+2	3.8842E-3
8.6387E+2	4.8198E-3
8.6408E+2	6.4270E-3
8.6428E+2	3.7017E-3
8.6449E+2	4.3105E-3
8.6470E+2	3.0997E-3
8.6491E+2	3.7201E-3
8.6511E+2	2.5378E-3
8.6532E+2	2.1648E-3
8.6553E+2	7.9080E-3
8.6574E+2	3.8769E-3
8.6595E+2	3.5040E-3
8.6615E+2	2.5508E-3
8.6636E+2	3.3497E-3
8.6657E+2	4.0166E-3
8.6678E+2	3.7298E-3
8.6698E+2	2.0175E-3
8.6719E+2	4.6219E-3
8.6740E+2	5.2780E-3
8.6761E+2	4.6635E-3
8.6781E+2	4.9978E-3
8.6802E+2	4.6017E-3
8.6823E+2	3.1354E-3
8.6844E+2	2.9748E-3
8.6864E+2	3.1652E-3
8.6885E+2	1.2778E-3
8.6906E+2	3.7417E-3
8.6927E+2	2.8326E-3
8.6947E+2	-8.0617E-5
8.6968E+2	1.6817E-3
8.6989E+2	1.9009E-3
8.7010E+2	1.7803E-3
8.7030E+2	3.1521E-3
8.7051E+2	4.7780E-3
8.7072E+2	3.0207E-3
8.7093E+2	4.5262E-3
8.7113E+2	4.3599E-3
8.7134E+2	2.3938E-3
8.7155E+2	4.5809E-3
8.7175E+2	2.5390E-3
8.7196E+2	3.2493E-3
8.7217E+2	1.2468E-3
8.7238E+2	1.6628E-3
8.7258E+2	1.7151E-3
8.7279E+2	2.2411E-3
8.7300E+2	2.1492E-3
8.7320E+2	2.1324E-3
8.7341E+2	4.7917E-3
8.7362E+2	4.3765E-3
8.7383E+2	2.9955E-3
8.7403E+2	1.2552E-3
8.7424E+2	2.5167E-3
8.7445E+2	6.0821E-3
8.7465E+2	1.2734E-3
8.7486E+2	2.4547E-3
8.7507E+2	2.9937E-3
8.7527E+2	3.6606E-3
8.7548E+2	-1.7960E-4
8.7569E+2	1.8834E-3
8.7590E+2	2.0983E-3
8.7610E+2	1.5307E-3
8.7631E+2	4.3497E-4
8.7652E+2	2.8252E-3
8.7672E+2	1.6190E-3
8.7693E+2	2.2347E-3
8.7714E+2	5.3995E-4
8.7734E+2	2.1488E-3
8.7755E+2	3.6598E-3
8.7776E+2	2.2079E-3
8.7796E+2	2.5688E-3
8.7817E+2	1.8487E-3
8.7838E+2	5.2918E-4
8.7858E+2	1.6927E-3
8.7879E+2	-5.3532E-4
8.7900E+2	-2.1536E-4
8.7920E+2	2.6025E-3
8.7941E+2	3.6866E-3
8.7962E+2	2.1730E-3
8.7982E+2	2.5059E-3
8.8003E+2	2.2851E-3
8.8024E+2	1.9302E-3
8.8044E+2	4.6315E-3
8.8065E+2	2.0189E-3
8.8086E+2	2.0254E-3
8.8106E+2	1.0626E-3
8.8127E+2	1.0512E-3
8.8148E+2	2.4419E-3
8.8168E+2	1.0986E-3
8.8189E+2	8.3595E-4
8.8209E+2	2.2105E-3
8.8230E+2	-4.6798E-4
8.8251E+2	2.5690E-3
8.8271E+2	1.1942E-3
8.8292E+2	2.7054E-3
8.8313E+2	1.5289E-3
8.8333E+2	1.3420E-3
8.8354E+2	3.1011E-3
8.8374E+2	1.5834E-3
8.8395E+2	2.0533E-3
8.8416E+2	8.5085E-4
8.8436E+2	2.2364E-3
8.8457E+2	2.2313E-3
8.8478E+2	1.6213E-3
8.8498E+2	-1.2340E-3
8.8519E+2	3.4096E-4
8.8539E+2	-7.3510E-4
8.8560E+2	1.9296E-3
8.8581E+2	1.2595E-3
8.8601E+2	2.6612E-3
8.8622E+2	2.2146E-3
8.8642E+2	1.5791E-3
8.8663E+2	2.2399E-3
8.8684E+2	-5.6021E-4
8.8704E+2	2.0589E-3
