PLQY measurement:
Date: 	22.03.2023 16:27:08
Peak emission wavelength (nm): 776
 PLQY = 	 	1.43E-2
absorded light fraction (%): 89
MAYA saturard: FALSE
USB2000 saturaed: FALSE
wavelength	corrected total emission spec
6.5149E+2	2.1453E-2
6.5172E+2	1.8085E-2
6.5194E+2	1.8569E-2
6.5217E+2	2.2414E-2
6.5239E+2	1.8172E-2
6.5262E+2	2.5951E-2
6.5284E+2	1.7562E-2
6.5307E+2	1.5740E-2
6.5329E+2	1.6657E-2
6.5352E+2	2.1186E-2
6.5374E+2	2.0733E-2
6.5396E+2	1.5916E-2
6.5419E+2	1.5794E-2
6.5441E+2	2.0762E-2
6.5464E+2	1.7307E-2
6.5486E+2	2.1344E-2
6.5509E+2	1.5733E-2
6.5531E+2	1.8755E-2
6.5554E+2	1.2232E-2
6.5576E+2	1.9222E-2
6.5598E+2	1.7854E-2
6.5621E+2	1.7419E-2
6.5643E+2	2.0990E-2
6.5666E+2	1.7276E-2
6.5688E+2	2.0390E-2
6.5711E+2	1.8161E-2
6.5733E+2	2.1321E-2
6.5755E+2	1.9263E-2
6.5778E+2	2.0655E-2
6.5800E+2	1.9650E-2
6.5823E+2	2.0825E-2
6.5845E+2	1.4776E-2
6.5867E+2	1.3889E-2
6.5890E+2	1.7594E-2
6.5912E+2	2.1101E-2
6.5935E+2	1.4854E-2
6.5957E+2	1.9850E-2
6.5980E+2	1.9911E-2
6.6002E+2	1.8919E-2
6.6024E+2	1.4500E-2
6.6047E+2	1.7269E-2
6.6069E+2	1.8983E-2
6.6092E+2	1.7652E-2
6.6114E+2	1.3443E-2
6.6136E+2	1.8414E-2
6.6159E+2	2.2446E-2
6.6181E+2	1.7808E-2
6.6204E+2	1.9070E-2
6.6226E+2	1.7487E-2
6.6248E+2	2.0077E-2
6.6271E+2	1.6594E-2
6.6293E+2	1.9362E-2
6.6315E+2	1.4704E-2
6.6338E+2	1.6714E-2
6.6360E+2	2.1609E-2
6.6383E+2	1.6434E-2
6.6405E+2	1.8664E-2
6.6427E+2	1.6170E-2
6.6450E+2	2.2409E-2
6.6472E+2	2.0157E-2
6.6494E+2	2.1053E-2
6.6517E+2	1.6504E-2
6.6539E+2	1.6581E-2
6.6562E+2	2.0611E-2
6.6584E+2	1.3292E-2
6.6606E+2	1.8266E-2
6.6629E+2	2.0089E-2
6.6651E+2	2.5596E-2
6.6673E+2	1.6380E-2
6.6696E+2	2.0543E-2
6.6718E+2	1.6571E-2
6.6740E+2	1.5788E-2
6.6763E+2	2.3461E-2
6.6785E+2	1.6458E-2
6.6807E+2	1.9877E-2
6.6830E+2	1.6571E-2
6.6852E+2	1.7262E-2
6.6874E+2	1.8077E-2
6.6897E+2	1.5177E-2
6.6919E+2	1.7932E-2
6.6941E+2	1.8853E-2
6.6964E+2	2.3293E-2
6.6986E+2	1.8991E-2
6.7008E+2	1.8427E-2
6.7031E+2	1.7224E-2
6.7053E+2	2.1964E-2
6.7075E+2	1.0925E-2
6.7098E+2	1.7299E-2
6.7120E+2	1.7903E-2
6.7142E+2	1.6001E-2
6.7165E+2	1.4840E-2
6.7187E+2	1.8056E-2
6.7209E+2	1.8494E-2
6.7232E+2	1.7489E-2
6.7254E+2	2.0381E-2
6.7276E+2	2.2657E-2
6.7298E+2	1.8912E-2
6.7321E+2	1.8731E-2
6.7343E+2	1.3601E-2
6.7365E+2	1.4076E-2
6.7388E+2	1.9566E-2
6.7410E+2	1.7156E-2
6.7432E+2	1.8254E-2
6.7455E+2	1.6346E-2
6.7477E+2	2.0320E-2
6.7499E+2	2.0057E-2
6.7521E+2	2.0011E-2
6.7544E+2	1.6515E-2
6.7566E+2	1.4372E-2
6.7588E+2	1.1351E-2
6.7611E+2	1.8180E-2
6.7633E+2	1.6607E-2
6.7655E+2	1.8932E-2
6.7677E+2	1.8895E-2
6.7700E+2	1.8128E-2
6.7722E+2	2.0101E-2
6.7744E+2	2.2037E-2
6.7766E+2	1.5112E-2
6.7789E+2	1.7031E-2
6.7811E+2	1.8762E-2
6.7833E+2	2.2136E-2
6.7856E+2	1.4289E-2
6.7878E+2	1.7757E-2
6.7900E+2	1.8137E-2
6.7922E+2	2.1826E-2
6.7945E+2	1.7915E-2
6.7967E+2	1.6755E-2
6.7989E+2	1.6504E-2
6.8011E+2	2.4205E-2
6.8034E+2	2.2505E-2
6.8056E+2	1.9688E-2
6.8078E+2	1.9594E-2
6.8100E+2	2.1056E-2
6.8123E+2	1.8655E-2
6.8145E+2	2.1984E-2
6.8167E+2	2.5331E-2
6.8189E+2	2.1437E-2
6.8212E+2	2.4607E-2
6.8234E+2	1.7726E-2
6.8256E+2	2.3486E-2
6.8278E+2	2.5656E-2
6.8300E+2	1.7407E-2
6.8323E+2	2.3805E-2
6.8345E+2	2.1493E-2
6.8367E+2	1.8796E-2
6.8389E+2	1.8971E-2
6.8412E+2	1.8674E-2
6.8434E+2	1.6791E-2
6.8456E+2	2.0834E-2
6.8478E+2	2.1369E-2
6.8500E+2	2.3275E-2
6.8523E+2	2.1618E-2
6.8545E+2	2.2707E-2
6.8567E+2	1.9073E-2
6.8589E+2	2.2171E-2
6.8611E+2	2.3049E-2
6.8634E+2	2.3782E-2
6.8656E+2	2.4707E-2
6.8678E+2	2.2970E-2
6.8700E+2	2.6318E-2
6.8722E+2	1.9886E-2
6.8745E+2	2.6884E-2
6.8767E+2	2.2281E-2
6.8789E+2	1.9576E-2
6.8811E+2	2.2192E-2
6.8833E+2	2.0328E-2
6.8856E+2	2.4182E-2
6.8878E+2	2.7537E-2
6.8900E+2	2.6748E-2
6.8922E+2	2.4061E-2
6.8944E+2	2.7154E-2
6.8966E+2	2.4652E-2
6.8989E+2	2.5122E-2
6.9011E+2	2.3925E-2
6.9033E+2	2.5280E-2
6.9055E+2	2.3868E-2
6.9077E+2	2.4509E-2
6.9099E+2	2.8496E-2
6.9122E+2	2.3948E-2
6.9144E+2	2.8450E-2
6.9166E+2	2.5767E-2
6.9188E+2	2.8885E-2
6.9210E+2	3.1613E-2
6.9232E+2	2.2698E-2
6.9255E+2	2.2565E-2
6.9277E+2	2.4467E-2
6.9299E+2	2.8643E-2
6.9321E+2	2.8992E-2
6.9343E+2	3.3696E-2
6.9365E+2	2.6241E-2
6.9387E+2	3.6899E-2
6.9410E+2	2.9387E-2
6.9432E+2	2.7781E-2
6.9454E+2	2.7811E-2
6.9476E+2	3.0208E-2
6.9498E+2	3.3253E-2
6.9520E+2	2.9139E-2
6.9542E+2	3.0279E-2
6.9565E+2	3.2993E-2
6.9587E+2	3.2988E-2
6.9609E+2	3.3516E-2
6.9631E+2	3.5882E-2
6.9653E+2	3.5177E-2
6.9675E+2	3.2960E-2
6.9697E+2	3.3306E-2
6.9719E+2	3.7794E-2
6.9742E+2	3.3157E-2
6.9764E+2	2.8115E-2
6.9786E+2	3.3219E-2
6.9808E+2	3.3142E-2
6.9830E+2	3.2544E-2
6.9852E+2	3.9440E-2
6.9874E+2	3.4996E-2
6.9896E+2	3.6311E-2
6.9918E+2	3.5272E-2
6.9941E+2	3.8388E-2
6.9963E+2	3.9991E-2
6.9985E+2	3.7851E-2
7.0007E+2	4.0152E-2
7.0029E+2	3.9142E-2
7.0051E+2	4.0440E-2
7.0073E+2	3.7116E-2
7.0095E+2	4.1019E-2
7.0117E+2	4.5755E-2
7.0139E+2	4.6279E-2
7.0161E+2	4.1379E-2
7.0184E+2	3.7251E-2
7.0206E+2	3.6260E-2
7.0228E+2	4.2307E-2
7.0250E+2	4.2610E-2
7.0272E+2	4.5876E-2
7.0294E+2	4.5243E-2
7.0316E+2	4.6205E-2
7.0338E+2	4.5111E-2
7.0360E+2	5.2683E-2
7.0382E+2	4.6093E-2
7.0404E+2	5.0026E-2
7.0426E+2	5.2879E-2
7.0448E+2	4.5477E-2
7.0470E+2	5.1533E-2
7.0492E+2	5.3933E-2
7.0515E+2	5.1387E-2
7.0537E+2	4.7311E-2
7.0559E+2	4.8927E-2
7.0581E+2	5.3066E-2
7.0603E+2	5.1905E-2
7.0625E+2	5.8696E-2
7.0647E+2	5.4807E-2
7.0669E+2	5.2486E-2
7.0691E+2	5.9505E-2
7.0713E+2	5.5676E-2
7.0735E+2	5.9365E-2
7.0757E+2	5.7094E-2
7.0779E+2	5.8862E-2
7.0801E+2	5.7206E-2
7.0823E+2	5.8875E-2
7.0845E+2	6.3542E-2
7.0867E+2	6.2879E-2
7.0889E+2	6.6951E-2
7.0911E+2	6.6809E-2
7.0933E+2	7.0343E-2
7.0955E+2	6.9599E-2
7.0977E+2	6.8688E-2
7.0999E+2	7.0585E-2
7.1021E+2	7.1263E-2
7.1043E+2	7.2449E-2
7.1065E+2	7.1289E-2
7.1087E+2	7.3196E-2
7.1109E+2	7.2469E-2
7.1131E+2	7.4233E-2
7.1153E+2	7.7960E-2
7.1175E+2	8.0732E-2
7.1197E+2	8.0430E-2
7.1219E+2	8.3480E-2
7.1241E+2	8.5404E-2
7.1263E+2	8.1482E-2
7.1285E+2	8.7361E-2
7.1307E+2	8.6859E-2
7.1329E+2	9.1876E-2
7.1351E+2	9.2678E-2
7.1373E+2	9.4112E-2
7.1395E+2	9.8608E-2
7.1417E+2	9.5926E-2
7.1439E+2	9.6611E-2
7.1461E+2	9.8377E-2
7.1483E+2	9.3514E-2
7.1505E+2	9.8421E-2
7.1527E+2	1.0003E-1
7.1549E+2	1.0113E-1
7.1571E+2	1.0666E-1
7.1593E+2	1.0589E-1
7.1615E+2	1.1699E-1
7.1637E+2	1.0863E-1
7.1659E+2	1.1419E-1
7.1681E+2	1.1425E-1
7.1703E+2	1.1123E-1
7.1725E+2	1.2134E-1
7.1747E+2	1.1997E-1
7.1769E+2	1.2650E-1
7.1791E+2	1.2244E-1
7.1813E+2	1.3160E-1
7.1835E+2	1.2841E-1
7.1857E+2	1.2455E-1
7.1879E+2	1.3575E-1
7.1901E+2	1.4094E-1
7.1923E+2	1.3566E-1
7.1944E+2	1.3771E-1
7.1966E+2	1.3682E-1
7.1988E+2	1.4906E-1
7.2010E+2	1.4416E-1
7.2032E+2	1.4584E-1
7.2054E+2	1.4470E-1
7.2076E+2	1.5451E-1
7.2098E+2	1.5152E-1
7.2120E+2	1.5262E-1
7.2142E+2	1.5911E-1
7.2164E+2	1.5827E-1
7.2186E+2	1.6374E-1
7.2208E+2	1.6514E-1
7.2230E+2	1.6386E-1
7.2252E+2	1.7307E-1
7.2273E+2	1.6386E-1
7.2295E+2	1.7670E-1
7.2317E+2	1.8580E-1
7.2339E+2	1.9225E-1
7.2361E+2	1.8934E-1
7.2383E+2	1.9196E-1
7.2405E+2	2.0047E-1
7.2427E+2	1.9889E-1
7.2449E+2	2.0207E-1
7.2471E+2	2.0392E-1
7.2493E+2	2.1051E-1
7.2514E+2	2.0905E-1
7.2536E+2	2.1145E-1
7.2558E+2	2.0864E-1
7.2580E+2	2.2635E-1
7.2602E+2	2.2372E-1
7.2624E+2	2.2590E-1
7.2646E+2	2.2727E-1
7.2668E+2	2.3135E-1
7.2690E+2	2.3696E-1
7.2711E+2	2.4356E-1
7.2733E+2	2.3566E-1
7.2755E+2	2.5153E-1
7.2777E+2	2.5616E-1
7.2799E+2	2.5058E-1
7.2821E+2	2.6150E-1
7.2843E+2	2.6618E-1
7.2865E+2	2.6991E-1
7.2886E+2	2.6540E-1
7.2908E+2	2.7780E-1
7.2930E+2	2.8107E-1
7.2952E+2	2.8386E-1
7.2974E+2	2.8030E-1
7.2996E+2	2.9147E-1
7.3018E+2	3.0525E-1
7.3039E+2	3.0427E-1
7.3061E+2	3.1020E-1
7.3083E+2	3.0791E-1
7.3105E+2	3.1407E-1
7.3127E+2	3.2366E-1
7.3149E+2	3.3445E-1
7.3171E+2	3.3935E-1
7.3192E+2	3.4698E-1
7.3214E+2	3.5139E-1
7.3236E+2	3.5954E-1
7.3258E+2	3.6586E-1
7.3280E+2	3.6727E-1
7.3302E+2	3.7534E-1
7.3323E+2	3.7040E-1
7.3345E+2	3.8280E-1
7.3367E+2	3.8509E-1
7.3389E+2	3.8606E-1
7.3411E+2	3.9972E-1
7.3433E+2	4.0346E-1
7.3454E+2	4.0742E-1
7.3476E+2	4.1056E-1
7.3498E+2	4.2560E-1
7.3520E+2	4.3190E-1
7.3542E+2	4.3310E-1
7.3564E+2	4.3882E-1
7.3585E+2	4.4663E-1
7.3607E+2	4.6043E-1
7.3629E+2	4.6604E-1
7.3651E+2	4.7852E-1
7.3673E+2	4.8162E-1
7.3694E+2	4.9005E-1
7.3716E+2	5.0147E-1
7.3738E+2	5.0425E-1
7.3760E+2	5.2401E-1
7.3782E+2	5.3097E-1
7.3803E+2	5.3662E-1
7.3825E+2	5.3381E-1
7.3847E+2	5.4699E-1
7.3869E+2	5.5637E-1
7.3891E+2	5.7001E-1
7.3912E+2	5.6219E-1
7.3934E+2	5.7845E-1
7.3956E+2	5.8259E-1
7.3978E+2	5.9330E-1
7.4000E+2	5.9432E-1
7.4021E+2	6.0086E-1
7.4043E+2	6.1017E-1
7.4065E+2	6.2581E-1
7.4087E+2	6.2977E-1
7.4108E+2	6.6221E-1
7.4130E+2	6.6112E-1
7.4152E+2	6.7633E-1
7.4174E+2	6.8497E-1
7.4196E+2	6.9108E-1
7.4217E+2	7.0463E-1
7.4239E+2	7.2676E-1
7.4261E+2	7.3252E-1
7.4283E+2	7.4750E-1
7.4304E+2	7.5556E-1
7.4326E+2	7.6304E-1
7.4348E+2	7.9490E-1
7.4370E+2	7.9009E-1
7.4391E+2	7.9015E-1
7.4413E+2	7.9258E-1
7.4435E+2	8.1718E-1
7.4457E+2	8.3135E-1
7.4478E+2	8.4781E-1
7.4500E+2	8.3540E-1
7.4522E+2	8.6081E-1
7.4544E+2	8.7696E-1
7.4565E+2	8.8554E-1
7.4587E+2	9.0158E-1
7.4609E+2	9.1311E-1
7.4631E+2	9.1561E-1
7.4652E+2	9.5016E-1
7.4674E+2	9.5144E-1
7.4696E+2	9.6231E-1
7.4717E+2	9.9859E-1
7.4739E+2	9.9821E-1
7.4761E+2	1.0237E+0
7.4783E+2	1.0451E+0
7.4804E+2	1.0642E+0
7.4826E+2	1.0807E+0
7.4848E+2	1.0779E+0
7.4869E+2	1.1008E+0
7.4891E+2	1.1077E+0
7.4913E+2	1.1188E+0
7.4935E+2	1.1253E+0
7.4956E+2	1.1439E+0
7.4978E+2	1.1627E+0
7.5000E+2	1.1779E+0
7.5021E+2	1.1725E+0
7.5043E+2	1.2029E+0
7.5065E+2	1.2223E+0
7.5087E+2	1.2253E+0
7.5108E+2	1.2606E+0
7.5130E+2	1.2760E+0
7.5152E+2	1.2903E+0
7.5173E+2	1.3133E+0
7.5195E+2	1.3265E+0
7.5217E+2	1.3542E+0
7.5238E+2	1.3667E+0
7.5260E+2	1.3798E+0
7.5282E+2	1.4123E+0
7.5303E+2	1.4303E+0
7.5325E+2	1.4453E+0
7.5347E+2	1.4628E+0
7.5368E+2	1.4792E+0
7.5390E+2	1.5079E+0
7.5412E+2	1.5087E+0
7.5433E+2	1.5175E+0
7.5455E+2	1.5536E+0
7.5477E+2	1.5490E+0
7.5498E+2	1.5812E+0
7.5520E+2	1.5781E+0
7.5542E+2	1.6073E+0
7.5563E+2	1.5949E+0
7.5585E+2	1.6164E+0
7.5607E+2	1.6306E+0
7.5628E+2	1.6524E+0
7.5650E+2	1.6801E+0
7.5672E+2	1.7003E+0
7.5693E+2	1.7308E+0
7.5715E+2	1.7455E+0
7.5737E+2	1.7587E+0
7.5758E+2	1.7843E+0
7.5780E+2	1.8095E+0
7.5802E+2	1.8340E+0
7.5823E+2	1.8551E+0
7.5845E+2	1.8538E+0
7.5866E+2	1.8815E+0
7.5888E+2	1.8934E+0
7.5910E+2	1.9135E+0
7.5931E+2	1.9350E+0
7.5953E+2	1.9449E+0
7.5975E+2	1.9512E+0
7.5996E+2	1.9670E+0
7.6018E+2	1.9799E+0
7.6040E+2	1.9739E+0
7.6061E+2	1.9874E+0
7.6083E+2	2.0034E+0
7.6104E+2	2.0332E+0
7.6126E+2	2.0401E+0
7.6148E+2	2.0600E+0
7.6169E+2	2.0662E+0
7.6191E+2	2.0960E+0
7.6212E+2	2.1091E+0
7.6234E+2	2.1256E+0
7.6256E+2	2.1676E+0
7.6277E+2	2.1596E+0
7.6299E+2	2.1953E+0
7.6320E+2	2.2195E+0
7.6342E+2	2.2394E+0
7.6364E+2	2.2485E+0
7.6385E+2	2.2664E+0
7.6407E+2	2.2645E+0
7.6428E+2	2.2663E+0
7.6450E+2	2.2941E+0
7.6472E+2	2.3050E+0
7.6493E+2	2.2901E+0
7.6515E+2	2.3076E+0
7.6536E+2	2.2949E+0
7.6558E+2	2.3018E+0
7.6579E+2	2.3147E+0
7.6601E+2	2.3418E+0
7.6623E+2	2.3336E+0
7.6644E+2	2.3286E+0
7.6666E+2	2.3547E+0
7.6687E+2	2.3447E+0
7.6709E+2	2.3558E+0
7.6730E+2	2.3672E+0
7.6752E+2	2.3856E+0
7.6774E+2	2.3775E+0
7.6795E+2	2.4220E+0
7.6817E+2	2.4170E+0
7.6838E+2	2.4459E+0
7.6860E+2	2.4578E+0
7.6881E+2	2.4664E+0
7.6903E+2	2.4874E+0
7.6925E+2	2.4711E+0
7.6946E+2	2.5155E+0
7.6968E+2	2.4943E+0
7.6989E+2	2.5126E+0
7.7011E+2	2.4855E+0
7.7032E+2	2.4988E+0
7.7054E+2	2.5137E+0
7.7075E+2	2.4987E+0
7.7097E+2	2.5110E+0
7.7118E+2	2.4926E+0
7.7140E+2	2.4847E+0
7.7161E+2	2.4628E+0
7.7183E+2	2.4784E+0
7.7205E+2	2.4901E+0
7.7226E+2	2.4812E+0
7.7248E+2	2.5054E+0
7.7269E+2	2.4855E+0
7.7291E+2	2.4790E+0
7.7312E+2	2.5035E+0
7.7334E+2	2.5000E+0
7.7355E+2	2.4960E+0
7.7377E+2	2.5358E+0
7.7398E+2	2.5307E+0
7.7420E+2	2.5451E+0
7.7441E+2	2.5406E+0
7.7463E+2	2.5384E+0
7.7484E+2	2.5723E+0
7.7506E+2	2.5488E+0
7.7527E+2	2.5531E+0
7.7549E+2	2.5467E+0
7.7570E+2	2.5840E+0
7.7592E+2	2.5496E+0
7.7613E+2	2.5238E+0
7.7635E+2	2.5415E+0
7.7656E+2	2.5123E+0
7.7678E+2	2.5104E+0
7.7699E+2	2.4935E+0
7.7721E+2	2.4714E+0
7.7742E+2	2.4575E+0
7.7764E+2	2.4589E+0
7.7785E+2	2.4423E+0
7.7807E+2	2.4157E+0
7.7828E+2	2.4272E+0
7.7850E+2	2.4263E+0
7.7871E+2	2.4282E+0
7.7893E+2	2.3964E+0
7.7914E+2	2.3898E+0
7.7936E+2	2.4034E+0
7.7957E+2	2.3991E+0
7.7978E+2	2.3924E+0
7.8000E+2	2.4031E+0
7.8021E+2	2.3956E+0
7.8043E+2	2.3741E+0
7.8064E+2	2.3782E+0
7.8086E+2	2.3560E+0
7.8107E+2	2.3748E+0
7.8129E+2	2.3571E+0
7.8150E+2	2.3373E+0
7.8172E+2	2.3473E+0
7.8193E+2	2.3279E+0
7.8214E+2	2.2934E+0
7.8236E+2	2.2978E+0
7.8257E+2	2.2943E+0
7.8279E+2	2.2651E+0
7.8300E+2	2.2264E+0
7.8322E+2	2.2306E+0
7.8343E+2	2.2114E+0
7.8365E+2	2.1909E+0
7.8386E+2	2.1726E+0
7.8407E+2	2.1743E+0
7.8429E+2	2.1711E+0
7.8450E+2	2.1620E+0
7.8472E+2	2.1398E+0
7.8493E+2	2.1361E+0
7.8515E+2	2.1389E+0
7.8536E+2	2.1181E+0
7.8557E+2	2.1131E+0
7.8579E+2	2.1015E+0
7.8600E+2	2.0738E+0
7.8622E+2	2.1086E+0
7.8643E+2	2.0833E+0
7.8665E+2	2.0791E+0
7.8686E+2	2.0598E+0
7.8707E+2	2.0479E+0
7.8729E+2	2.0365E+0
7.8750E+2	2.0197E+0
7.8772E+2	2.0035E+0
7.8793E+2	1.9881E+0
7.8814E+2	1.9722E+0
7.8836E+2	1.9445E+0
7.8857E+2	1.9272E+0
7.8879E+2	1.9055E+0
7.8900E+2	1.9151E+0
7.8921E+2	1.8831E+0
7.8943E+2	1.8769E+0
7.8964E+2	1.8528E+0
7.8985E+2	1.8285E+0
7.9007E+2	1.7984E+0
7.9028E+2	1.7987E+0
7.9050E+2	1.7922E+0
7.9071E+2	1.7777E+0
7.9092E+2	1.7735E+0
7.9114E+2	1.7542E+0
7.9135E+2	1.7616E+0
7.9157E+2	1.7509E+0
7.9178E+2	1.7465E+0
7.9199E+2	1.7291E+0
7.9221E+2	1.7077E+0
7.9242E+2	1.7065E+0
7.9263E+2	1.6848E+0
7.9285E+2	1.6857E+0
7.9306E+2	1.6573E+0
7.9327E+2	1.6522E+0
7.9349E+2	1.6395E+0
7.9370E+2	1.6209E+0
7.9392E+2	1.5942E+0
7.9413E+2	1.5596E+0
7.9434E+2	1.5555E+0
7.9456E+2	1.5339E+0
7.9477E+2	1.5253E+0
7.9498E+2	1.4914E+0
7.9520E+2	1.4714E+0
7.9541E+2	1.4579E+0
7.9562E+2	1.4488E+0
7.9584E+2	1.4380E+0
7.9605E+2	1.4078E+0
7.9626E+2	1.3860E+0
7.9648E+2	1.3786E+0
7.9669E+2	1.3688E+0
7.9690E+2	1.3522E+0
7.9712E+2	1.3308E+0
7.9733E+2	1.3348E+0
7.9754E+2	1.3085E+0
7.9776E+2	1.2995E+0
7.9797E+2	1.2818E+0
7.9818E+2	1.2829E+0
7.9840E+2	1.2789E+0
7.9861E+2	1.2585E+0
7.9882E+2	1.2430E+0
7.9904E+2	1.2552E+0
7.9925E+2	1.2293E+0
7.9946E+2	1.2159E+0
7.9967E+2	1.1738E+0
7.9989E+2	1.1570E+0
8.0010E+2	1.1511E+0
8.0031E+2	1.1384E+0
8.0053E+2	1.1124E+0
8.0074E+2	1.0973E+0
8.0095E+2	1.0766E+0
8.0117E+2	1.0629E+0
8.0138E+2	1.0454E+0
8.0159E+2	1.0354E+0
8.0180E+2	1.0297E+0
8.0202E+2	1.0176E+0
8.0223E+2	1.0024E+0
8.0244E+2	9.8419E-1
8.0266E+2	9.8444E-1
8.0287E+2	9.6580E-1
8.0308E+2	9.5311E-1
8.0329E+2	9.3987E-1
8.0351E+2	9.3366E-1
8.0372E+2	9.2358E-1
8.0393E+2	9.0223E-1
8.0415E+2	9.0583E-1
8.0436E+2	8.8958E-1
8.0457E+2	8.8960E-1
8.0478E+2	8.6743E-1
8.0500E+2	8.5409E-1
8.0521E+2	8.5116E-1
8.0542E+2	8.3782E-1
8.0563E+2	8.3251E-1
8.0585E+2	8.2219E-1
8.0606E+2	8.0278E-1
8.0627E+2	7.9038E-1
8.0648E+2	7.7888E-1
8.0670E+2	7.4892E-1
8.0691E+2	7.5258E-1
8.0712E+2	7.2976E-1
8.0733E+2	7.3154E-1
8.0755E+2	7.1443E-1
8.0776E+2	6.9914E-1
8.0797E+2	6.8591E-1
8.0818E+2	6.7943E-1
8.0840E+2	6.6166E-1
8.0861E+2	6.6065E-1
8.0882E+2	6.6476E-1
8.0903E+2	6.3310E-1
8.0925E+2	6.1974E-1
8.0946E+2	6.3351E-1
8.0967E+2	6.1535E-1
8.0988E+2	5.9622E-1
8.1009E+2	5.9967E-1
8.1031E+2	5.9935E-1
8.1052E+2	5.8979E-1
8.1073E+2	5.8552E-1
8.1094E+2	5.6290E-1
8.1116E+2	5.6578E-1
8.1137E+2	5.6613E-1
8.1158E+2	5.4768E-1
8.1179E+2	5.3520E-1
8.1200E+2	5.2262E-1
8.1222E+2	5.1766E-1
8.1243E+2	5.1069E-1
8.1264E+2	5.0302E-1
8.1285E+2	4.8983E-1
8.1306E+2	4.7595E-1
8.1328E+2	4.6818E-1
8.1349E+2	4.6980E-1
8.1370E+2	4.5619E-1
8.1391E+2	4.4890E-1
8.1412E+2	4.4751E-1
8.1434E+2	4.3320E-1
8.1455E+2	4.2160E-1
8.1476E+2	4.2333E-1
8.1497E+2	4.1714E-1
8.1518E+2	4.0690E-1
8.1540E+2	3.9782E-1
8.1561E+2	3.9074E-1
8.1582E+2	3.9087E-1
8.1603E+2	3.7711E-1
8.1624E+2	3.8051E-1
8.1645E+2	3.7650E-1
8.1667E+2	3.6584E-1
8.1688E+2	3.6271E-1
8.1709E+2	3.6186E-1
8.1730E+2	3.5343E-1
8.1751E+2	3.5239E-1
8.1772E+2	3.4090E-1
8.1794E+2	3.3810E-1
8.1815E+2	3.3739E-1
8.1836E+2	3.2826E-1
8.1857E+2	3.2397E-1
8.1878E+2	3.1424E-1
8.1899E+2	3.0420E-1
8.1921E+2	2.9815E-1
8.1942E+2	2.9833E-1
8.1963E+2	2.9242E-1
8.1984E+2	2.8951E-1
8.2005E+2	2.8157E-1
8.2026E+2	2.7901E-1
8.2047E+2	2.6679E-1
8.2069E+2	2.6981E-1
8.2090E+2	2.6483E-1
8.2111E+2	2.5712E-1
8.2132E+2	2.5708E-1
8.2153E+2	2.4951E-1
8.2174E+2	2.4474E-1
8.2195E+2	2.3877E-1
8.2216E+2	2.4323E-1
8.2238E+2	2.3362E-1
8.2259E+2	2.3644E-1
8.2280E+2	2.3710E-1
8.2301E+2	2.3201E-1
8.2322E+2	2.2935E-1
8.2343E+2	2.2059E-1
8.2364E+2	2.2294E-1
8.2385E+2	2.2372E-1
8.2407E+2	2.1275E-1
8.2428E+2	2.1374E-1
8.2449E+2	2.0620E-1
8.2470E+2	2.0191E-1
8.2491E+2	1.9615E-1
8.2512E+2	1.9332E-1
8.2533E+2	1.9124E-1
8.2554E+2	1.8497E-1
8.2575E+2	1.7912E-1
8.2596E+2	1.8147E-1
8.2618E+2	1.7539E-1
8.2639E+2	1.6692E-1
8.2660E+2	1.6862E-1
8.2681E+2	1.7031E-1
8.2702E+2	1.6252E-1
8.2723E+2	1.6013E-1
8.2744E+2	1.5201E-1
8.2765E+2	1.5449E-1
8.2786E+2	1.5363E-1
8.2807E+2	1.4897E-1
8.2828E+2	1.4308E-1
8.2849E+2	1.4300E-1
8.2871E+2	1.4332E-1
8.2892E+2	1.4632E-1
8.2913E+2	1.3712E-1
8.2934E+2	1.3774E-1
8.2955E+2	1.3502E-1
8.2976E+2	1.2856E-1
8.2997E+2	1.3393E-1
8.3018E+2	1.3133E-1
8.3039E+2	1.3182E-1
8.3060E+2	1.2161E-1
8.3081E+2	1.2250E-1
8.3102E+2	1.2079E-1
8.3123E+2	1.1812E-1
8.3144E+2	1.1962E-1
8.3165E+2	1.1767E-1
8.3186E+2	1.1742E-1
8.3208E+2	1.1221E-1
8.3229E+2	1.1318E-1
8.3250E+2	1.0933E-1
8.3271E+2	1.0716E-1
8.3292E+2	1.0259E-1
8.3313E+2	1.0504E-1
8.3334E+2	1.0478E-1
8.3355E+2	1.0027E-1
8.3376E+2	9.9474E-2
8.3397E+2	9.8363E-2
8.3418E+2	9.3722E-2
8.3439E+2	9.3074E-2
8.3460E+2	9.5083E-2
8.3481E+2	8.9233E-2
8.3502E+2	8.8920E-2
8.3523E+2	8.4001E-2
8.3544E+2	8.4941E-2
8.3565E+2	8.1584E-2
8.3586E+2	8.4788E-2
8.3607E+2	8.5778E-2
8.3628E+2	8.4800E-2
8.3649E+2	8.1790E-2
8.3670E+2	8.0542E-2
8.3691E+2	7.9317E-2
8.3712E+2	7.8738E-2
8.3733E+2	7.7457E-2
8.3754E+2	7.5273E-2
8.3775E+2	7.7966E-2
8.3796E+2	6.9025E-2
8.3817E+2	7.3182E-2
8.3838E+2	6.9802E-2
8.3859E+2	6.8156E-2
8.3880E+2	6.8463E-2
8.3901E+2	7.0234E-2
8.3922E+2	6.7583E-2
8.3943E+2	6.2144E-2
8.3964E+2	6.6282E-2
8.3985E+2	6.3669E-2
8.4006E+2	6.4104E-2
8.4027E+2	6.2848E-2
8.4048E+2	6.0400E-2
8.4069E+2	5.9773E-2
8.4090E+2	6.1279E-2
8.4111E+2	5.6228E-2
8.4132E+2	5.3923E-2
8.4153E+2	5.4061E-2
8.4174E+2	5.5458E-2
8.4195E+2	5.3634E-2
8.4216E+2	4.9076E-2
8.4237E+2	5.0615E-2
8.4258E+2	5.1586E-2
8.4279E+2	5.2464E-2
8.4300E+2	5.0424E-2
8.4321E+2	4.5600E-2
8.4342E+2	5.2554E-2
8.4362E+2	4.8821E-2
8.4383E+2	4.7216E-2
8.4404E+2	5.0871E-2
8.4425E+2	4.8523E-2
8.4446E+2	4.8172E-2
8.4467E+2	4.7986E-2
8.4488E+2	4.7684E-2
8.4509E+2	4.6790E-2
8.4530E+2	4.4244E-2
8.4551E+2	4.5623E-2
8.4572E+2	4.0231E-2
8.4593E+2	4.2796E-2
8.4614E+2	4.2697E-2
8.4635E+2	4.1402E-2
8.4656E+2	4.3771E-2
8.4677E+2	4.0202E-2
8.4697E+2	3.9197E-2
8.4718E+2	3.9651E-2
8.4739E+2	4.1507E-2
8.4760E+2	4.0772E-2
8.4781E+2	4.1117E-2
8.4802E+2	3.5735E-2
8.4823E+2	3.8918E-2
8.4844E+2	3.4652E-2
8.4865E+2	3.4550E-2
8.4886E+2	3.8324E-2
8.4907E+2	3.2747E-2
8.4928E+2	3.3392E-2
8.4948E+2	3.3239E-2
8.4969E+2	3.3064E-2
8.4990E+2	3.2957E-2
8.5011E+2	3.5668E-2
8.5032E+2	2.9858E-2
8.5053E+2	3.1846E-2
8.5074E+2	3.0868E-2
8.5095E+2	3.0108E-2
8.5116E+2	2.8746E-2
8.5137E+2	3.0517E-2
8.5157E+2	2.9482E-2
8.5178E+2	3.1315E-2
8.5199E+2	2.7150E-2
8.5220E+2	2.8908E-2
8.5241E+2	3.0414E-2
8.5262E+2	3.0372E-2
8.5283E+2	2.5641E-2
8.5304E+2	2.6556E-2
8.5324E+2	2.9891E-2
8.5345E+2	2.9861E-2
8.5366E+2	2.5985E-2
8.5387E+2	2.4328E-2
8.5408E+2	2.5192E-2
8.5429E+2	2.7466E-2
8.5450E+2	2.6279E-2
8.5471E+2	2.5482E-2
8.5491E+2	2.2415E-2
8.5512E+2	2.4265E-2
8.5533E+2	2.2787E-2
8.5554E+2	2.5026E-2
8.5575E+2	2.4298E-2
8.5596E+2	2.2350E-2
8.5617E+2	2.3868E-2
8.5637E+2	2.0132E-2
8.5658E+2	2.2069E-2
8.5679E+2	2.3621E-2
8.5700E+2	2.1112E-2
8.5721E+2	2.1146E-2
8.5742E+2	2.1639E-2
8.5762E+2	2.1043E-2
8.5783E+2	2.1782E-2
8.5804E+2	2.0087E-2
8.5825E+2	1.8632E-2
8.5846E+2	2.0603E-2
8.5867E+2	2.2746E-2
8.5887E+2	1.9177E-2
8.5908E+2	2.1218E-2
8.5929E+2	1.9150E-2
8.5950E+2	2.1889E-2
8.5971E+2	2.0641E-2
8.5992E+2	1.7118E-2
8.6012E+2	1.9158E-2
8.6033E+2	1.8793E-2
8.6054E+2	2.0020E-2
8.6075E+2	1.9574E-2
8.6096E+2	1.8452E-2
8.6116E+2	1.7839E-2
8.6137E+2	1.8195E-2
8.6158E+2	1.8242E-2
8.6179E+2	1.7051E-2
8.6200E+2	1.4896E-2
8.6220E+2	1.8338E-2
8.6241E+2	1.8270E-2
8.6262E+2	1.7016E-2
8.6283E+2	1.8468E-2
8.6304E+2	1.6795E-2
8.6324E+2	1.7158E-2
8.6345E+2	1.4004E-2
8.6366E+2	1.4831E-2
8.6387E+2	1.7988E-2
8.6408E+2	1.6768E-2
8.6428E+2	1.3929E-2
8.6449E+2	1.6909E-2
8.6470E+2	1.6073E-2
8.6491E+2	1.8015E-2
8.6511E+2	1.6323E-2
8.6532E+2	1.3081E-2
8.6553E+2	1.4794E-2
8.6574E+2	1.4302E-2
8.6595E+2	1.4734E-2
8.6615E+2	1.5018E-2
8.6636E+2	1.5030E-2
8.6657E+2	1.4917E-2
8.6678E+2	1.4023E-2
8.6698E+2	1.5123E-2
8.6719E+2	1.4464E-2
8.6740E+2	1.3023E-2
8.6761E+2	1.5825E-2
8.6781E+2	1.5787E-2
8.6802E+2	1.4305E-2
8.6823E+2	1.3980E-2
8.6844E+2	1.5018E-2
8.6864E+2	1.1003E-2
8.6885E+2	1.4033E-2
8.6906E+2	1.3695E-2
8.6927E+2	1.4439E-2
8.6947E+2	1.5139E-2
8.6968E+2	1.3460E-2
8.6989E+2	1.3301E-2
8.7010E+2	1.3701E-2
8.7030E+2	1.3490E-2
8.7051E+2	1.3199E-2
8.7072E+2	1.2435E-2
8.7093E+2	1.3181E-2
8.7113E+2	1.4937E-2
8.7134E+2	1.2742E-2
8.7155E+2	1.3027E-2
8.7175E+2	1.4242E-2
8.7196E+2	1.2189E-2
8.7217E+2	1.1331E-2
8.7238E+2	1.3210E-2
8.7258E+2	1.0447E-2
8.7279E+2	1.4128E-2
8.7300E+2	1.0850E-2
8.7320E+2	1.2332E-2
8.7341E+2	1.2161E-2
8.7362E+2	1.1678E-2
8.7383E+2	1.0074E-2
8.7403E+2	1.5455E-2
8.7424E+2	1.1704E-2
8.7445E+2	1.2436E-2
8.7465E+2	1.0309E-2
8.7486E+2	1.1405E-2
8.7507E+2	1.4465E-2
8.7527E+2	1.0617E-2
8.7548E+2	1.0741E-2
8.7569E+2	1.2036E-2
8.7590E+2	1.0521E-2
8.7610E+2	1.0396E-2
8.7631E+2	1.0805E-2
8.7652E+2	9.4327E-3
8.7672E+2	1.0619E-2
8.7693E+2	1.1928E-2
8.7714E+2	1.1809E-2
8.7734E+2	1.0634E-2
8.7755E+2	1.0160E-2
8.7776E+2	9.5580E-3
8.7796E+2	1.0746E-2
8.7817E+2	1.0691E-2
8.7838E+2	9.6125E-3
8.7858E+2	1.0511E-2
8.7879E+2	1.2196E-2
8.7900E+2	8.1369E-3
8.7920E+2	9.0768E-3
8.7941E+2	1.0827E-2
8.7962E+2	1.0556E-2
8.7982E+2	1.2186E-2
8.8003E+2	1.0977E-2
8.8024E+2	8.1288E-3
8.8044E+2	9.9747E-3
8.8065E+2	1.0334E-2
8.8086E+2	9.8645E-3
8.8106E+2	8.5297E-3
8.8127E+2	1.2316E-2
8.8148E+2	1.0620E-2
8.8168E+2	9.9754E-3
8.8189E+2	8.7336E-3
8.8209E+2	1.1620E-2
8.8230E+2	1.2366E-2
8.8251E+2	8.6432E-3
8.8271E+2	1.2486E-2
8.8292E+2	9.0123E-3
8.8313E+2	9.3084E-3
8.8333E+2	9.5695E-3
8.8354E+2	1.2469E-2
8.8374E+2	1.0333E-2
8.8395E+2	1.0618E-2
8.8416E+2	9.0718E-3
8.8436E+2	1.0090E-2
8.8457E+2	1.0176E-2
8.8478E+2	8.4705E-3
8.8498E+2	9.5197E-3
8.8519E+2	9.4351E-3
8.8539E+2	1.0238E-2
8.8560E+2	9.2541E-3
8.8581E+2	9.6461E-3
8.8601E+2	9.6439E-3
8.8622E+2	8.3284E-3
8.8642E+2	1.0394E-2
8.8663E+2	6.8024E-3
8.8684E+2	8.3324E-3
8.8704E+2	1.0318E-2
8.8725E+2	8.6578E-3
8.8745E+2	1.0462E-2
8.8766E+2	9.8153E-3
8.8787E+2	8.3181E-3
8.8807E+2	9.6809E-3
8.8828E+2	1.0631E-2
8.8848E+2	8.7248E-3
8.8869E+2	9.6871E-3
8.8890E+2	1.0088E-2
8.8910E+2	9.2038E-3
8.8931E+2	9.9009E-3
8.8951E+2	8.1032E-3
8.8972E+2	7.5433E-3
8.8992E+2	8.2466E-3
8.9013E+2	9.0812E-3
8.9034E+2	9.7740E-3
8.9054E+2	8.0793E-3
8.9075E+2	1.0555E-2
8.9095E+2	7.8843E-3
8.9116E+2	9.6769E-3
8.9136E+2	9.1689E-3
8.9157E+2	7.7087E-3
8.9177E+2	6.6938E-3
8.9198E+2	8.3652E-3
8.9219E+2	1.1171E-2
8.9239E+2	7.4008E-3
8.9260E+2	9.7371E-3
8.9280E+2	9.7774E-3
8.9301E+2	7.3932E-3
8.9321E+2	7.8388E-3
8.9342E+2	7.9740E-3
8.9362E+2	7.9240E-3
8.9383E+2	7.9278E-3
8.9404E+2	7.5425E-3
8.9424E+2	9.8099E-3
8.9445E+2	6.9985E-3
8.9465E+2	1.0263E-2
8.9486E+2	1.0122E-2
8.9506E+2	1.1638E-2
8.9527E+2	7.8688E-3
8.9547E+2	8.4492E-3
8.9568E+2	6.7531E-3
8.9588E+2	9.5155E-3
8.9609E+2	7.3612E-3
8.9629E+2	9.5371E-3
8.9650E+2	7.7720E-3
8.9670E+2	7.8663E-3
8.9691E+2	8.4427E-3
8.9711E+2	8.5495E-3
8.9732E+2	9.9353E-3
8.9752E+2	8.3410E-3
8.9773E+2	9.3961E-3
8.9793E+2	8.8934E-3
8.9814E+2	8.4205E-3
8.9834E+2	5.8122E-3
8.9855E+2	6.5111E-3
8.9875E+2	8.9665E-3
8.9896E+2	6.7045E-3
8.9916E+2	7.6892E-3
8.9937E+2	9.1301E-3
8.9957E+2	7.8247E-3
8.9978E+2	8.6482E-3
8.9998E+2	5.1796E-3
9.0019E+2	8.1290E-3
9.0039E+2	6.8325E-3
9.0060E+2	7.3471E-3
9.0080E+2	1.0333E-2
9.0101E+2	9.3462E-3
9.0121E+2	8.6568E-3
9.0142E+2	8.6738E-3
9.0162E+2	6.1232E-3
9.0183E+2	9.1837E-3
9.0203E+2	7.4609E-3
9.0224E+2	7.7153E-3
9.0244E+2	1.0213E-2
9.0265E+2	6.5600E-3
9.0285E+2	7.4772E-3
9.0306E+2	7.0706E-3
9.0326E+2	7.9416E-3
9.0346E+2	7.2079E-3
9.0367E+2	8.4548E-3
9.0387E+2	7.8541E-3
9.0408E+2	7.4561E-3
9.0428E+2	6.5387E-3
9.0449E+2	8.4891E-3
9.0469E+2	6.7360E-3
9.0490E+2	7.6681E-3
9.0510E+2	7.0691E-3
9.0531E+2	8.6057E-3
9.0551E+2	7.5654E-3
9.0571E+2	7.1489E-3
9.0592E+2	8.0923E-3
9.0612E+2	8.1352E-3
9.0633E+2	9.5257E-3
9.0653E+2	8.5579E-3
9.0674E+2	7.6145E-3
9.0694E+2	8.8764E-3
9.0714E+2	8.3496E-3
9.0735E+2	5.7828E-3
9.0755E+2	1.0684E-2
9.0776E+2	7.8779E-3
9.0796E+2	9.4339E-3
9.0817E+2	6.0891E-3
9.0837E+2	8.7294E-3
9.0857E+2	7.4369E-3
9.0878E+2	9.1276E-3
9.0898E+2	7.4675E-3
9.0919E+2	8.7049E-3
9.0939E+2	6.6466E-3
9.0959E+2	8.0127E-3
9.0980E+2	6.3955E-3
9.1000E+2	8.3496E-3
9.1021E+2	7.7922E-3
9.1041E+2	5.9360E-3
9.1061E+2	8.3987E-3
9.1082E+2	1.0874E-2
9.1102E+2	7.1306E-3
9.1123E+2	6.9407E-3
9.1143E+2	7.7310E-3
9.1163E+2	6.7937E-3
9.1184E+2	7.1858E-3
9.1204E+2	7.4921E-3
9.1225E+2	7.8412E-3
9.1245E+2	8.8520E-3
9.1265E+2	7.2042E-3
9.1286E+2	7.3941E-3
9.1306E+2	7.2348E-3
9.1327E+2	6.6651E-3
9.1347E+2	9.5504E-3
9.1367E+2	1.1891E-2
9.1388E+2	8.0190E-3
9.1408E+2	8.9072E-3
9.1428E+2	6.9837E-3
9.1449E+2	7.7617E-3
9.1469E+2	7.7127E-3
9.1490E+2	9.0237E-3
9.1510E+2	7.2471E-3
9.1530E+2	9.2993E-3
9.1551E+2	7.1797E-3
9.1571E+2	7.6882E-3
9.1591E+2	9.8201E-3
9.1612E+2	7.6392E-3
9.1632E+2	1.0708E-2
9.1652E+2	7.5535E-3
9.1673E+2	8.1110E-3
9.1693E+2	8.0803E-3
9.1713E+2	7.1798E-3
9.1734E+2	7.9701E-3
9.1754E+2	7.8660E-3
9.1774E+2	7.9027E-3
9.1795E+2	7.8844E-3
9.1815E+2	9.1035E-3
9.1835E+2	7.0451E-3
9.1856E+2	7.5229E-3
9.1876E+2	8.3132E-3
