PLQY measurement:
Date: 	22.03.2023 16:27:37
Peak emission wavelength (nm): 775
 PLQY = 	 	9.92E-3
absorded light fraction (%): 90
MAYA saturard: FALSE
USB2000 saturaed: FALSE
wavelength	corrected total emission spec
6.5149E+2	1.9691E-2
6.5172E+2	1.8436E-2
6.5194E+2	2.2778E-2
6.5217E+2	2.1714E-2
6.5239E+2	1.2930E-2
6.5262E+2	1.9323E-2
6.5284E+2	1.4081E-2
6.5307E+2	2.0257E-2
6.5329E+2	1.3881E-2
6.5352E+2	1.9107E-2
6.5374E+2	2.4537E-2
6.5396E+2	2.4892E-2
6.5419E+2	1.6829E-2
6.5441E+2	2.2139E-2
6.5464E+2	1.9369E-2
6.5486E+2	1.4824E-2
6.5509E+2	1.8475E-2
6.5531E+2	2.2862E-2
6.5554E+2	1.6332E-2
6.5576E+2	2.6385E-2
6.5598E+2	1.7854E-2
6.5621E+2	1.7079E-2
6.5643E+2	2.0311E-2
6.5666E+2	1.2868E-2
6.5688E+2	2.1067E-2
6.5711E+2	1.7823E-2
6.5733E+2	1.8620E-2
6.5755E+2	1.8252E-2
6.5778E+2	2.4022E-2
6.5800E+2	1.6288E-2
6.5823E+2	1.8811E-2
6.5845E+2	1.4105E-2
6.5867E+2	1.5562E-2
6.5890E+2	2.0267E-2
6.5912E+2	1.6764E-2
6.5935E+2	2.0183E-2
6.5957E+2	1.5195E-2
6.5980E+2	2.0575E-2
6.6002E+2	1.8919E-2
6.6024E+2	2.0128E-2
6.6047E+2	1.6278E-2
6.6069E+2	2.2284E-2
6.6092E+2	1.8970E-2
6.6114E+2	1.7721E-2
6.6136E+2	2.2685E-2
6.6159E+2	1.6867E-2
6.6181E+2	1.9446E-2
6.6204E+2	2.1687E-2
6.6226E+2	1.9120E-2
6.6248E+2	1.6489E-2
6.6271E+2	1.8874E-2
6.6293E+2	1.7086E-2
6.6315E+2	2.2169E-2
6.6338E+2	1.6065E-2
6.6360E+2	1.7724E-2
6.6383E+2	1.6757E-2
6.6405E+2	2.1568E-2
6.6427E+2	1.7780E-2
6.6450E+2	2.3374E-2
6.6472E+2	2.3691E-2
6.6494E+2	1.7846E-2
6.6517E+2	2.0346E-2
6.6539E+2	1.4982E-2
6.6562E+2	1.6141E-2
6.6584E+2	1.8073E-2
6.6606E+2	1.5402E-2
6.6629E+2	1.9771E-2
6.6651E+2	1.6392E-2
6.6673E+2	1.8281E-2
6.6696E+2	1.7064E-2
6.6718E+2	1.6887E-2
6.6740E+2	1.5157E-2
6.6763E+2	1.9997E-2
6.6785E+2	1.9601E-2
6.6807E+2	1.2341E-2
6.6830E+2	1.5630E-2
6.6852E+2	1.8514E-2
6.6874E+2	1.7139E-2
6.6897E+2	1.8296E-2
6.6919E+2	2.0425E-2
6.6941E+2	1.5742E-2
6.6964E+2	1.7082E-2
6.6986E+2	1.8681E-2
6.7008E+2	1.5640E-2
6.7031E+2	1.6915E-2
6.7053E+2	1.5790E-2
6.7075E+2	1.7088E-2
6.7098E+2	1.7299E-2
6.7120E+2	1.5751E-2
6.7142E+2	1.8148E-2
6.7165E+2	2.0966E-2
6.7187E+2	2.0197E-2
6.7209E+2	1.6661E-2
6.7232E+2	1.2000E-2
6.7254E+2	2.3121E-2
6.7276E+2	2.2657E-2
6.7298E+2	1.4966E-2
6.7321E+2	1.9337E-2
6.7343E+2	2.0257E-2
6.7365E+2	1.6190E-2
6.7388E+2	1.3532E-2
6.7410E+2	1.5951E-2
6.7432E+2	2.1863E-2
6.7455E+2	1.8148E-2
6.7477E+2	1.7922E-2
6.7499E+2	1.5866E-2
6.7521E+2	1.6723E-2
6.7544E+2	1.8902E-2
6.7566E+2	2.0329E-2
6.7588E+2	1.0458E-2
6.7611E+2	1.1348E-2
6.7633E+2	1.6310E-2
6.7655E+2	1.3603E-2
6.7677E+2	1.4755E-2
6.7700E+2	1.6061E-2
6.7722E+2	1.6269E-2
6.7744E+2	1.7624E-2
6.7766E+2	1.7168E-2
6.7789E+2	2.1138E-2
6.7811E+2	1.8762E-2
6.7833E+2	1.9797E-2
6.7856E+2	2.3047E-2
6.7878E+2	1.6299E-2
6.7900E+2	2.0466E-2
6.7922E+2	1.9501E-2
6.7945E+2	1.7915E-2
6.7967E+2	1.7914E-2
6.7989E+2	1.9687E-2
6.8011E+2	2.5938E-2
6.8034E+2	1.7026E-2
6.8056E+2	1.5371E-2
6.8078E+2	1.6144E-2
6.8100E+2	1.7324E-2
6.8123E+2	1.8942E-2
6.8145E+2	2.2556E-2
6.8167E+2	1.7335E-2
6.8189E+2	1.6017E-2
6.8212E+2	1.9195E-2
6.8234E+2	1.6305E-2
6.8256E+2	1.8945E-2
6.8278E+2	2.0553E-2
6.8300E+2	2.1653E-2
6.8323E+2	2.2392E-2
6.8345E+2	2.0647E-2
6.8367E+2	1.7669E-2
6.8389E+2	1.9252E-2
6.8412E+2	2.1763E-2
6.8434E+2	1.6791E-2
6.8456E+2	2.5591E-2
6.8478E+2	1.9132E-2
6.8500E+2	1.5740E-2
6.8523E+2	1.9111E-2
6.8545E+2	2.4653E-2
6.8567E+2	2.0184E-2
6.8589E+2	1.9120E-2
6.8611E+2	2.0834E-2
6.8634E+2	2.3230E-2
6.8656E+2	1.8085E-2
6.8678E+2	2.1867E-2
6.8700E+2	2.3567E-2
6.8722E+2	1.7414E-2
6.8745E+2	2.1675E-2
6.8767E+2	1.8996E-2
6.8789E+2	2.2856E-2
6.8811E+2	1.9735E-2
6.8833E+2	1.9238E-2
6.8856E+2	1.9830E-2
6.8878E+2	2.5635E-2
6.8900E+2	2.1865E-2
6.8922E+2	2.3248E-2
6.8944E+2	2.1748E-2
6.8966E+2	2.2223E-2
6.8989E+2	1.6766E-2
6.9011E+2	2.3386E-2
6.9033E+2	2.4742E-2
6.9055E+2	2.3331E-2
6.9077E+2	2.5313E-2
6.9099E+2	2.6357E-2
6.9122E+2	2.0744E-2
6.9144E+2	1.9922E-2
6.9166E+2	2.4968E-2
6.9188E+2	2.6228E-2
6.9210E+2	2.1531E-2
6.9232E+2	2.4022E-2
6.9255E+2	2.5209E-2
6.9277E+2	2.4467E-2
6.9299E+2	3.1543E-2
6.9321E+2	2.3728E-2
6.9343E+2	2.6340E-2
6.9365E+2	2.4930E-2
6.9387E+2	2.3538E-2
6.9410E+2	2.4940E-2
6.9432E+2	2.5170E-2
6.9454E+2	2.8071E-2
6.9476E+2	2.1362E-2
6.9498E+2	2.6755E-2
6.9520E+2	2.9658E-2
6.9542E+2	2.9243E-2
6.9565E+2	2.6270E-2
6.9587E+2	2.7309E-2
6.9609E+2	2.9907E-2
6.9631E+2	2.7645E-2
6.9653E+2	3.3378E-2
6.9675E+2	2.8343E-2
6.9697E+2	2.7669E-2
6.9719E+2	3.1143E-2
6.9742E+2	2.8816E-2
6.9764E+2	2.7605E-2
6.9786E+2	3.0674E-2
6.9808E+2	2.6788E-2
6.9830E+2	3.2290E-2
6.9852E+2	3.3867E-2
6.9874E+2	2.8674E-2
6.9896E+2	2.8233E-2
6.9918E+2	3.1490E-2
6.9941E+2	3.7129E-2
6.9963E+2	3.3960E-2
6.9985E+2	3.1831E-2
7.0007E+2	3.5645E-2
7.0029E+2	4.0392E-2
7.0051E+2	3.0701E-2
7.0073E+2	3.2380E-2
7.0095E+2	3.4798E-2
7.0117E+2	3.3080E-2
7.0139E+2	3.1887E-2
7.0161E+2	3.7911E-2
7.0184E+2	3.5026E-2
7.0206E+2	4.0209E-2
7.0228E+2	3.3431E-2
7.0250E+2	3.4240E-2
7.0272E+2	3.4327E-2
7.0294E+2	3.8130E-2
7.0316E+2	3.1513E-2
7.0338E+2	3.9241E-2
7.0360E+2	4.2915E-2
7.0382E+2	3.9756E-2
7.0404E+2	3.7130E-2
7.0426E+2	3.9033E-2
7.0448E+2	3.9655E-2
7.0470E+2	3.6273E-2
7.0492E+2	4.4261E-2
7.0515E+2	3.8112E-2
7.0537E+2	4.4178E-2
7.0559E+2	4.0985E-2
7.0581E+2	4.1052E-2
7.0603E+2	4.3989E-2
7.0625E+2	4.6725E-2
7.0647E+2	4.3812E-2
7.0669E+2	4.4130E-2
7.0691E+2	4.3773E-2
7.0713E+2	4.9014E-2
7.0735E+2	4.4640E-2
7.0757E+2	5.1878E-2
7.0779E+2	4.9152E-2
7.0801E+2	4.7276E-2
7.0823E+2	4.6602E-2
7.0845E+2	4.6579E-2
7.0867E+2	5.2289E-2
7.0889E+2	5.2383E-2
7.0911E+2	5.7193E-2
7.0933E+2	5.3486E-2
7.0955E+2	5.7446E-2
7.0977E+2	5.2114E-2
7.0999E+2	5.7300E-2
7.1021E+2	4.7764E-2
7.1043E+2	5.6656E-2
7.1065E+2	5.3206E-2
7.1087E+2	5.3977E-2
7.1109E+2	5.9984E-2
7.1131E+2	5.6001E-2
7.1153E+2	6.0452E-2
7.1175E+2	6.0954E-2
7.1197E+2	5.8149E-2
7.1219E+2	6.8114E-2
7.1241E+2	6.2740E-2
7.1263E+2	6.3428E-2
7.1285E+2	7.1392E-2
7.1307E+2	6.9997E-2
7.1329E+2	6.4121E-2
7.1351E+2	6.9287E-2
7.1373E+2	7.0309E-2
7.1395E+2	7.0547E-2
7.1417E+2	7.0611E-2
7.1439E+2	7.3141E-2
7.1461E+2	7.3597E-2
7.1483E+2	7.9347E-2
7.1505E+2	8.0014E-2
7.1527E+2	7.8508E-2
7.1549E+2	8.3668E-2
7.1571E+2	7.9397E-2
7.1593E+2	7.7338E-2
7.1615E+2	7.4685E-2
7.1637E+2	8.3270E-2
7.1659E+2	8.5095E-2
7.1681E+2	8.7649E-2
7.1703E+2	8.9540E-2
7.1725E+2	9.5942E-2
7.1747E+2	9.3726E-2
7.1769E+2	9.8307E-2
7.1791E+2	9.9127E-2
7.1813E+2	9.9336E-2
7.1835E+2	9.1820E-2
7.1857E+2	9.6113E-2
7.1879E+2	9.9265E-2
7.1901E+2	1.0103E-1
7.1923E+2	1.0191E-1
7.1944E+2	1.0315E-1
7.1966E+2	1.0492E-1
7.1988E+2	1.0594E-1
7.2010E+2	1.1214E-1
7.2032E+2	1.1776E-1
7.2054E+2	1.1106E-1
7.2076E+2	1.1426E-1
7.2098E+2	1.1497E-1
7.2120E+2	1.1850E-1
7.2142E+2	1.1819E-1
7.2164E+2	1.2105E-1
7.2186E+2	1.2019E-1
7.2208E+2	1.2825E-1
7.2230E+2	1.2766E-1
7.2252E+2	1.3035E-1
7.2273E+2	1.3204E-1
7.2295E+2	1.3688E-1
7.2317E+2	1.3016E-1
7.2339E+2	1.3162E-1
7.2361E+2	1.3684E-1
7.2383E+2	1.4102E-1
7.2405E+2	1.4059E-1
7.2427E+2	1.4100E-1
7.2449E+2	1.4279E-1
7.2471E+2	1.4849E-1
7.2493E+2	1.4891E-1
7.2514E+2	1.5570E-1
7.2536E+2	1.4882E-1
7.2558E+2	1.6085E-1
7.2580E+2	1.6202E-1
7.2602E+2	1.6490E-1
7.2624E+2	1.6780E-1
7.2646E+2	1.7051E-1
7.2668E+2	1.7424E-1
7.2690E+2	1.8159E-1
7.2711E+2	1.8089E-1
7.2733E+2	1.8356E-1
7.2755E+2	1.8110E-1
7.2777E+2	1.8887E-1
7.2799E+2	1.9116E-1
7.2821E+2	1.8750E-1
7.2843E+2	1.9862E-1
7.2865E+2	1.9577E-1
7.2886E+2	1.9808E-1
7.2908E+2	2.0408E-1
7.2930E+2	2.0504E-1
7.2952E+2	2.1139E-1
7.2974E+2	2.1783E-1
7.2996E+2	2.1241E-1
7.3018E+2	2.2529E-1
7.3039E+2	2.1560E-1
7.3061E+2	2.2769E-1
7.3083E+2	2.2794E-1
7.3105E+2	2.3226E-1
7.3127E+2	2.3337E-1
7.3149E+2	2.4390E-1
7.3171E+2	2.5193E-1
7.3192E+2	2.4901E-1
7.3214E+2	2.5379E-1
7.3236E+2	2.5401E-1
7.3258E+2	2.7249E-1
7.3280E+2	2.7207E-1
7.3302E+2	2.7087E-1
7.3323E+2	2.7966E-1
7.3345E+2	2.7967E-1
7.3367E+2	2.8659E-1
7.3389E+2	2.8809E-1
7.3411E+2	2.9100E-1
7.3433E+2	3.0837E-1
7.3454E+2	2.9927E-1
7.3476E+2	3.0182E-1
7.3498E+2	3.0321E-1
7.3520E+2	3.1939E-1
7.3542E+2	3.2039E-1
7.3564E+2	3.1859E-1
7.3585E+2	3.2546E-1
7.3607E+2	3.3035E-1
7.3629E+2	3.3982E-1
7.3651E+2	3.4235E-1
7.3673E+2	3.4108E-1
7.3694E+2	3.4861E-1
7.3716E+2	3.6181E-1
7.3738E+2	3.7084E-1
7.3760E+2	3.7578E-1
7.3782E+2	3.8338E-1
7.3803E+2	3.7468E-1
7.3825E+2	3.8975E-1
7.3847E+2	4.1369E-1
7.3869E+2	4.0760E-1
7.3891E+2	4.0793E-1
7.3912E+2	4.1770E-1
7.3934E+2	4.2445E-1
7.3956E+2	4.2397E-1
7.3978E+2	4.2794E-1
7.4000E+2	4.2472E-1
7.4021E+2	4.4611E-1
7.4043E+2	4.4302E-1
7.4065E+2	4.5020E-1
7.4087E+2	4.6950E-1
7.4108E+2	4.7152E-1
7.4130E+2	4.7591E-1
7.4152E+2	4.7129E-1
7.4174E+2	4.9818E-1
7.4196E+2	5.0737E-1
7.4217E+2	5.1469E-1
7.4239E+2	5.2407E-1
7.4261E+2	5.2284E-1
7.4283E+2	5.3433E-1
7.4304E+2	5.4458E-1
7.4326E+2	5.5260E-1
7.4348E+2	5.7814E-1
7.4370E+2	5.7330E-1
7.4391E+2	5.8172E-1
7.4413E+2	5.8034E-1
7.4435E+2	5.9281E-1
7.4457E+2	5.9632E-1
7.4478E+2	6.0312E-1
7.4500E+2	6.1651E-1
7.4522E+2	6.2464E-1
7.4544E+2	6.3330E-1
7.4565E+2	6.3924E-1
7.4587E+2	6.5287E-1
7.4609E+2	6.6209E-1
7.4631E+2	6.7198E-1
7.4652E+2	6.8876E-1
7.4674E+2	7.0544E-1
7.4696E+2	6.9752E-1
7.4717E+2	7.0765E-1
7.4739E+2	7.3873E-1
7.4761E+2	7.4506E-1
7.4783E+2	7.4885E-1
7.4804E+2	7.7090E-1
7.4826E+2	7.7264E-1
7.4848E+2	7.8245E-1
7.4869E+2	7.9209E-1
7.4891E+2	7.8320E-1
7.4913E+2	7.9466E-1
7.4935E+2	8.0459E-1
7.4956E+2	8.2651E-1
7.4978E+2	8.3898E-1
7.5000E+2	8.3522E-1
7.5021E+2	8.5730E-1
7.5043E+2	8.5824E-1
7.5065E+2	8.7974E-1
7.5087E+2	8.7713E-1
7.5108E+2	9.0863E-1
7.5130E+2	9.1064E-1
7.5152E+2	9.2607E-1
7.5173E+2	9.3989E-1
7.5195E+2	9.6078E-1
7.5217E+2	9.6201E-1
7.5238E+2	9.9255E-1
7.5260E+2	1.0110E+0
7.5282E+2	1.0124E+0
7.5303E+2	1.0383E+0
7.5325E+2	1.0586E+0
7.5347E+2	1.0562E+0
7.5368E+2	1.0647E+0
7.5390E+2	1.0684E+0
7.5412E+2	1.0966E+0
7.5433E+2	1.1023E+0
7.5455E+2	1.1149E+0
7.5477E+2	1.1167E+0
7.5498E+2	1.1329E+0
7.5520E+2	1.1456E+0
7.5542E+2	1.1448E+0
7.5563E+2	1.1684E+0
7.5585E+2	1.1703E+0
7.5607E+2	1.1859E+0
7.5628E+2	1.1900E+0
7.5650E+2	1.2118E+0
7.5672E+2	1.2109E+0
7.5693E+2	1.2388E+0
7.5715E+2	1.2383E+0
7.5737E+2	1.2646E+0
7.5758E+2	1.2820E+0
7.5780E+2	1.3022E+0
7.5802E+2	1.3124E+0
7.5823E+2	1.3453E+0
7.5845E+2	1.3588E+0
7.5866E+2	1.3516E+0
7.5888E+2	1.3680E+0
7.5910E+2	1.3747E+0
7.5931E+2	1.3862E+0
7.5953E+2	1.4012E+0
7.5975E+2	1.4106E+0
7.5996E+2	1.4231E+0
7.6018E+2	1.4288E+0
7.6040E+2	1.4280E+0
7.6061E+2	1.4252E+0
7.6083E+2	1.4472E+0
7.6104E+2	1.4743E+0
7.6126E+2	1.4727E+0
7.6148E+2	1.4725E+0
7.6169E+2	1.4965E+0
7.6191E+2	1.4929E+0
7.6212E+2	1.5286E+0
7.6234E+2	1.5373E+0
7.6256E+2	1.5462E+0
7.6277E+2	1.5536E+0
7.6299E+2	1.5851E+0
7.6320E+2	1.5854E+0
7.6342E+2	1.6030E+0
7.6364E+2	1.5964E+0
7.6385E+2	1.6294E+0
7.6407E+2	1.6361E+0
7.6428E+2	1.6183E+0
7.6450E+2	1.6444E+0
7.6472E+2	1.6420E+0
7.6493E+2	1.6552E+0
7.6515E+2	1.6609E+0
7.6536E+2	1.6763E+0
7.6558E+2	1.6745E+0
7.6579E+2	1.6763E+0
7.6601E+2	1.6675E+0
7.6623E+2	1.6686E+0
7.6644E+2	1.6800E+0
7.6666E+2	1.6866E+0
7.6687E+2	1.7075E+0
7.6709E+2	1.6994E+0
7.6730E+2	1.7120E+0
7.6752E+2	1.7039E+0
7.6774E+2	1.7278E+0
7.6795E+2	1.7358E+0
7.6817E+2	1.7500E+0
7.6838E+2	1.7458E+0
7.6860E+2	1.7589E+0
7.6881E+2	1.7602E+0
7.6903E+2	1.7609E+0
7.6925E+2	1.7986E+0
7.6946E+2	1.7880E+0
7.6968E+2	1.8103E+0
7.6989E+2	1.7912E+0
7.7011E+2	1.7855E+0
7.7032E+2	1.8064E+0
7.7054E+2	1.7979E+0
7.7075E+2	1.7805E+0
7.7097E+2	1.7983E+0
7.7118E+2	1.7959E+0
7.7140E+2	1.7814E+0
7.7161E+2	1.7739E+0
7.7183E+2	1.7774E+0
7.7205E+2	1.7655E+0
7.7226E+2	1.7742E+0
7.7248E+2	1.7658E+0
7.7269E+2	1.7740E+0
7.7291E+2	1.7776E+0
7.7312E+2	1.7761E+0
7.7334E+2	1.7803E+0
7.7355E+2	1.7834E+0
7.7377E+2	1.7758E+0
7.7398E+2	1.7986E+0
7.7420E+2	1.7872E+0
7.7441E+2	1.8098E+0
7.7463E+2	1.7995E+0
7.7484E+2	1.7961E+0
7.7506E+2	1.7999E+0
7.7527E+2	1.8054E+0
7.7549E+2	1.8143E+0
7.7570E+2	1.7897E+0
7.7592E+2	1.7672E+0
7.7613E+2	1.7895E+0
7.7635E+2	1.7613E+0
7.7656E+2	1.7620E+0
7.7678E+2	1.7481E+0
7.7699E+2	1.7386E+0
7.7721E+2	1.7111E+0
7.7742E+2	1.7095E+0
7.7764E+2	1.6861E+0
7.7785E+2	1.6827E+0
7.7807E+2	1.6872E+0
7.7828E+2	1.6859E+0
7.7850E+2	1.6748E+0
7.7871E+2	1.6717E+0
7.7893E+2	1.6507E+0
7.7914E+2	1.6460E+0
7.7936E+2	1.6410E+0
7.7957E+2	1.6390E+0
7.7978E+2	1.6382E+0
7.8000E+2	1.6525E+0
7.8021E+2	1.6381E+0
7.8043E+2	1.6295E+0
7.8064E+2	1.6180E+0
7.8086E+2	1.5949E+0
7.8107E+2	1.6083E+0
7.8129E+2	1.6177E+0
7.8150E+2	1.5892E+0
7.8172E+2	1.5830E+0
7.8193E+2	1.5606E+0
7.8214E+2	1.5558E+0
7.8236E+2	1.5341E+0
7.8257E+2	1.5250E+0
7.8279E+2	1.5288E+0
7.8300E+2	1.5031E+0
7.8322E+2	1.4747E+0
7.8343E+2	1.4824E+0
7.8365E+2	1.4640E+0
7.8386E+2	1.4390E+0
7.8407E+2	1.4312E+0
7.8429E+2	1.4290E+0
7.8450E+2	1.4093E+0
7.8472E+2	1.4266E+0
7.8493E+2	1.4191E+0
7.8515E+2	1.4143E+0
7.8536E+2	1.3851E+0
7.8557E+2	1.4048E+0
7.8579E+2	1.3918E+0
7.8600E+2	1.3831E+0
7.8622E+2	1.3764E+0
7.8643E+2	1.3650E+0
7.8665E+2	1.3667E+0
7.8686E+2	1.3629E+0
7.8707E+2	1.3356E+0
7.8729E+2	1.3184E+0
7.8750E+2	1.3198E+0
7.8772E+2	1.2944E+0
7.8793E+2	1.2952E+0
7.8814E+2	1.2738E+0
7.8836E+2	1.2522E+0
7.8857E+2	1.2382E+0
7.8879E+2	1.2361E+0
7.8900E+2	1.2194E+0
7.8921E+2	1.2268E+0
7.8943E+2	1.1911E+0
7.8964E+2	1.2006E+0
7.8985E+2	1.1780E+0
7.9007E+2	1.1608E+0
7.9028E+2	1.1617E+0
7.9050E+2	1.1505E+0
7.9071E+2	1.1451E+0
7.9092E+2	1.1292E+0
7.9114E+2	1.1226E+0
7.9135E+2	1.1236E+0
7.9157E+2	1.1218E+0
7.9178E+2	1.1056E+0
7.9199E+2	1.1046E+0
7.9221E+2	1.0959E+0
7.9242E+2	1.0946E+0
7.9263E+2	1.0642E+0
7.9285E+2	1.0643E+0
7.9306E+2	1.0576E+0
7.9327E+2	1.0399E+0
7.9349E+2	1.0388E+0
7.9370E+2	1.0064E+0
7.9392E+2	1.0054E+0
7.9413E+2	1.0002E+0
7.9434E+2	9.6865E-1
7.9456E+2	9.6918E-1
7.9477E+2	9.4601E-1
7.9498E+2	9.4851E-1
7.9520E+2	9.3982E-1
7.9541E+2	9.1751E-1
7.9562E+2	9.0030E-1
7.9584E+2	8.8538E-1
7.9605E+2	8.8469E-1
7.9626E+2	8.7044E-1
7.9648E+2	8.5713E-1
7.9669E+2	8.5666E-1
7.9690E+2	8.4724E-1
7.9712E+2	8.3544E-1
7.9733E+2	8.3299E-1
7.9754E+2	8.1964E-1
7.9776E+2	8.0897E-1
7.9797E+2	8.0359E-1
7.9818E+2	7.8681E-1
7.9840E+2	7.9831E-1
7.9861E+2	7.8819E-1
7.9882E+2	7.9022E-1
7.9904E+2	7.7098E-1
7.9925E+2	7.5884E-1
7.9946E+2	7.4992E-1
7.9967E+2	7.3229E-1
7.9989E+2	7.3290E-1
8.0010E+2	7.1943E-1
8.0031E+2	7.1183E-1
8.0053E+2	6.9206E-1
8.0074E+2	6.8298E-1
8.0095E+2	6.7011E-1
8.0117E+2	6.6199E-1
8.0138E+2	6.5863E-1
8.0159E+2	6.3991E-1
8.0180E+2	6.4658E-1
8.0202E+2	6.2146E-1
8.0223E+2	6.2532E-1
8.0244E+2	6.0833E-1
8.0266E+2	6.1069E-1
8.0287E+2	6.0420E-1
8.0308E+2	5.8935E-1
8.0329E+2	5.8645E-1
8.0351E+2	5.8869E-1
8.0372E+2	5.6924E-1
8.0393E+2	5.7202E-1
8.0415E+2	5.5966E-1
8.0436E+2	5.5308E-1
8.0457E+2	5.5871E-1
8.0478E+2	5.4592E-1
8.0500E+2	5.3452E-1
8.0521E+2	5.3712E-1
8.0542E+2	5.2758E-1
8.0563E+2	5.1515E-1
8.0585E+2	5.1060E-1
8.0606E+2	4.9807E-1
8.0627E+2	4.9222E-1
8.0648E+2	4.7978E-1
8.0670E+2	4.7891E-1
8.0691E+2	4.6608E-1
8.0712E+2	4.5837E-1
8.0733E+2	4.5698E-1
8.0755E+2	4.4435E-1
8.0776E+2	4.4068E-1
8.0797E+2	4.3802E-1
8.0818E+2	4.2441E-1
8.0840E+2	4.1528E-1
8.0861E+2	4.2082E-1
8.0882E+2	3.9975E-1
8.0903E+2	3.9465E-1
8.0925E+2	3.9715E-1
8.0946E+2	3.8933E-1
8.0967E+2	3.8697E-1
8.0988E+2	3.7591E-1
8.1009E+2	3.6493E-1
8.1031E+2	3.7355E-1
8.1052E+2	3.6755E-1
8.1073E+2	3.5840E-1
8.1094E+2	3.5582E-1
8.1116E+2	3.4393E-1
8.1137E+2	3.4521E-1
8.1158E+2	3.4091E-1
8.1179E+2	3.2940E-1
8.1200E+2	3.3156E-1
8.1222E+2	3.1672E-1
8.1243E+2	3.2069E-1
8.1264E+2	3.1934E-1
8.1285E+2	2.9761E-1
8.1306E+2	3.0763E-1
8.1328E+2	3.0443E-1
8.1349E+2	2.9182E-1
8.1370E+2	2.8571E-1
8.1391E+2	2.7658E-1
8.1412E+2	2.7601E-1
8.1434E+2	2.6603E-1
8.1455E+2	2.7304E-1
8.1476E+2	2.6602E-1
8.1497E+2	2.5372E-1
8.1518E+2	2.5263E-1
8.1540E+2	2.5208E-1
8.1561E+2	2.5100E-1
8.1582E+2	2.4662E-1
8.1603E+2	2.4355E-1
8.1624E+2	2.4003E-1
8.1645E+2	2.4043E-1
8.1667E+2	2.3319E-1
8.1688E+2	2.3013E-1
8.1709E+2	2.2488E-1
8.1730E+2	2.2544E-1
8.1751E+2	2.2133E-1
8.1772E+2	2.1664E-1
8.1794E+2	2.1450E-1
8.1815E+2	2.1289E-1
8.1836E+2	2.0707E-1
8.1857E+2	2.0450E-1
8.1878E+2	1.9818E-1
8.1899E+2	2.0090E-1
8.1921E+2	1.9442E-1
8.1942E+2	1.8842E-1
8.1963E+2	1.8185E-1
8.1984E+2	1.8151E-1
8.2005E+2	1.8019E-1
8.2026E+2	1.7563E-1
8.2047E+2	1.7672E-1
8.2069E+2	1.6951E-1
8.2090E+2	1.6899E-1
8.2111E+2	1.6861E-1
8.2132E+2	1.6611E-1
8.2153E+2	1.6120E-1
8.2174E+2	1.5743E-1
8.2195E+2	1.5780E-1
8.2216E+2	1.5432E-1
8.2238E+2	1.4689E-1
8.2259E+2	1.5022E-1
8.2280E+2	1.5449E-1
8.2301E+2	1.5454E-1
8.2322E+2	1.5453E-1
8.2343E+2	1.4545E-1
8.2364E+2	1.4724E-1
8.2385E+2	1.4284E-1
8.2407E+2	1.4220E-1
8.2428E+2	1.4014E-1
8.2449E+2	1.3536E-1
8.2470E+2	1.3062E-1
8.2491E+2	1.2845E-1
8.2512E+2	1.2434E-1
8.2533E+2	1.1827E-1
8.2554E+2	1.1948E-1
8.2575E+2	1.1874E-1
8.2596E+2	1.2028E-1
8.2618E+2	1.1423E-1
8.2639E+2	1.1027E-1
8.2660E+2	1.1234E-1
8.2681E+2	1.0780E-1
8.2702E+2	1.0522E-1
8.2723E+2	1.0250E-1
8.2744E+2	1.0572E-1
8.2765E+2	1.0115E-1
8.2786E+2	9.7359E-2
8.2807E+2	9.7779E-2
8.2828E+2	9.6970E-2
8.2849E+2	9.3616E-2
8.2871E+2	9.3245E-2
8.2892E+2	9.3567E-2
8.2913E+2	9.1664E-2
8.2934E+2	9.2304E-2
8.2955E+2	9.1014E-2
8.2976E+2	8.7267E-2
8.2997E+2	8.9010E-2
8.3018E+2	9.0647E-2
8.3039E+2	8.4583E-2
8.3060E+2	8.4464E-2
8.3081E+2	8.0926E-2
8.3102E+2	8.1681E-2
8.3123E+2	7.7041E-2
8.3144E+2	7.9845E-2
8.3165E+2	7.5683E-2
8.3186E+2	7.8717E-2
8.3208E+2	7.7963E-2
8.3229E+2	7.4500E-2
8.3250E+2	7.2530E-2
8.3271E+2	7.2015E-2
8.3292E+2	7.1074E-2
8.3313E+2	6.8863E-2
8.3334E+2	6.6396E-2
8.3355E+2	6.3301E-2
8.3376E+2	6.4033E-2
8.3397E+2	6.7009E-2
8.3418E+2	6.5173E-2
8.3439E+2	5.8710E-2
8.3460E+2	6.0380E-2
8.3481E+2	6.1642E-2
8.3502E+2	5.7730E-2
8.3523E+2	5.5264E-2
8.3544E+2	6.1097E-2
8.3565E+2	5.8445E-2
8.3586E+2	5.4911E-2
8.3607E+2	5.9279E-2
8.3628E+2	5.7380E-2
8.3649E+2	5.1009E-2
8.3670E+2	5.2789E-2
8.3691E+2	5.4823E-2
8.3712E+2	5.1581E-2
8.3733E+2	5.2744E-2
8.3754E+2	4.8015E-2
8.3775E+2	5.1527E-2
8.3796E+2	5.3141E-2
8.3817E+2	4.8492E-2
8.3838E+2	5.3347E-2
8.3859E+2	4.7187E-2
8.3880E+2	4.8889E-2
8.3901E+2	4.5918E-2
8.3922E+2	4.6167E-2
8.3943E+2	4.4436E-2
8.3964E+2	4.2563E-2
8.3985E+2	4.5508E-2
8.4006E+2	4.3401E-2
8.4027E+2	4.4462E-2
8.4048E+2	4.2365E-2
8.4069E+2	4.2205E-2
8.4090E+2	4.1519E-2
8.4111E+2	4.2711E-2
8.4132E+2	3.7637E-2
8.4153E+2	4.1936E-2
8.4174E+2	3.6062E-2
8.4195E+2	3.7705E-2
8.4216E+2	4.0997E-2
8.4237E+2	3.7114E-2
8.4258E+2	3.3704E-2
8.4279E+2	3.4932E-2
8.4300E+2	3.6470E-2
8.4321E+2	3.6146E-2
8.4342E+2	3.4110E-2
8.4362E+2	3.7987E-2
8.4383E+2	3.5462E-2
8.4404E+2	3.5202E-2
8.4425E+2	3.3549E-2
8.4446E+2	3.5042E-2
8.4467E+2	3.2901E-2
8.4488E+2	3.1680E-2
8.4509E+2	3.1018E-2
8.4530E+2	2.9626E-2
8.4551E+2	3.0433E-2
8.4572E+2	3.1716E-2
8.4593E+2	2.9106E-2
8.4614E+2	3.0619E-2
8.4635E+2	2.5531E-2
8.4656E+2	3.0547E-2
8.4677E+2	2.7670E-2
8.4697E+2	2.8505E-2
8.4718E+2	2.8846E-2
8.4739E+2	2.5992E-2
8.4760E+2	2.8936E-2
8.4781E+2	2.8363E-2
8.4802E+2	2.8038E-2
8.4823E+2	2.5708E-2
8.4844E+2	2.6268E-2
8.4865E+2	2.4329E-2
8.4886E+2	2.5234E-2
8.4907E+2	2.5169E-2
8.4928E+2	2.4208E-2
8.4948E+2	2.2908E-2
8.4969E+2	2.4684E-2
8.4990E+2	2.5038E-2
8.5011E+2	2.4995E-2
8.5032E+2	2.4694E-2
8.5053E+2	2.3126E-2
8.5074E+2	2.0886E-2
8.5095E+2	2.4601E-2
8.5116E+2	2.1634E-2
8.5137E+2	2.6502E-2
8.5157E+2	2.0536E-2
8.5178E+2	2.3402E-2
8.5199E+2	2.1645E-2
8.5220E+2	2.3289E-2
8.5241E+2	2.1241E-2
8.5262E+2	2.0512E-2
8.5283E+2	2.1284E-2
8.5304E+2	2.2659E-2
8.5324E+2	2.0835E-2
8.5345E+2	2.3212E-2
8.5366E+2	2.2891E-2
8.5387E+2	1.8597E-2
8.5408E+2	1.9232E-2
8.5429E+2	2.1048E-2
8.5450E+2	1.9059E-2
8.5471E+2	1.8147E-2
8.5491E+2	1.8061E-2
8.5512E+2	1.8421E-2
8.5533E+2	1.9120E-2
8.5554E+2	1.8953E-2
8.5575E+2	1.4787E-2
8.5596E+2	2.1433E-2
8.5617E+2	1.8712E-2
8.5637E+2	1.6236E-2
8.5658E+2	1.8287E-2
8.5679E+2	1.6517E-2
8.5700E+2	1.6299E-2
8.5721E+2	1.6104E-2
8.5742E+2	1.7170E-2
8.5762E+2	2.0699E-2
8.5783E+2	1.7887E-2
8.5804E+2	1.8712E-2
8.5825E+2	1.6226E-2
8.5846E+2	1.4072E-2
8.5867E+2	1.7704E-2
8.5887E+2	1.4937E-2
8.5908E+2	1.6748E-2
8.5929E+2	1.5941E-2
8.5950E+2	1.5242E-2
8.5971E+2	1.3765E-2
8.5992E+2	1.8493E-2
8.6012E+2	1.5720E-2
8.6033E+2	1.3749E-2
8.6054E+2	1.4632E-2
8.6075E+2	1.6593E-2
8.6096E+2	1.4095E-2
8.6116E+2	1.3826E-2
8.6137E+2	1.4526E-2
8.6158E+2	1.5605E-2
8.6179E+2	1.3840E-2
8.6200E+2	1.3061E-2
8.6220E+2	1.3751E-2
8.6241E+2	1.3109E-2
8.6262E+2	1.4951E-2
8.6283E+2	1.4339E-2
8.6304E+2	1.4042E-2
8.6324E+2	1.6011E-2
8.6345E+2	1.0791E-2
8.6366E+2	1.3684E-2
8.6387E+2	1.3513E-2
8.6408E+2	1.3439E-2
8.6428E+2	1.0600E-2
8.6449E+2	1.4498E-2
8.6470E+2	1.3432E-2
8.6491E+2	1.4456E-2
8.6511E+2	1.2304E-2
8.6532E+2	1.2392E-2
8.6553E+2	1.2726E-2
8.6574E+2	1.3957E-2
8.6595E+2	1.1747E-2
8.6615E+2	1.1456E-2
8.6636E+2	1.3537E-2
8.6657E+2	1.3308E-2
8.6678E+2	1.1264E-2
8.6698E+2	1.2823E-2
8.6719E+2	1.1244E-2
8.6740E+2	1.2333E-2
8.6761E+2	1.3065E-2
8.6781E+2	1.4867E-2
8.6802E+2	1.2580E-2
8.6823E+2	1.3174E-2
8.6844E+2	1.1450E-2
8.6864E+2	1.0543E-2
8.6885E+2	1.0004E-2
8.6906E+2	1.0586E-2
8.6927E+2	1.0985E-2
8.6947E+2	1.1223E-2
8.6968E+2	1.0810E-2
8.6989E+2	1.0766E-2
8.7010E+2	1.0359E-2
8.7030E+2	8.9953E-3
8.7051E+2	1.1700E-2
8.7072E+2	1.0475E-2
8.7093E+2	1.2719E-2
8.7113E+2	1.1938E-2
8.7134E+2	9.3963E-3
8.7155E+2	8.9886E-3
8.7175E+2	9.7407E-3
8.7196E+2	1.0111E-2
8.7217E+2	1.1216E-2
8.7238E+2	9.5149E-3
8.7258E+2	1.1255E-2
8.7279E+2	1.2280E-2
8.7300E+2	1.1081E-2
8.7320E+2	8.7490E-3
8.7341E+2	1.0774E-2
8.7362E+2	8.2096E-3
8.7383E+2	9.9579E-3
8.7403E+2	1.1291E-2
8.7424E+2	1.0547E-2
8.7445E+2	1.0469E-2
8.7465E+2	8.5725E-3
8.7486E+2	1.1173E-2
8.7507E+2	1.0411E-2
8.7527E+2	1.0038E-2
8.7548E+2	1.0509E-2
8.7569E+2	1.0761E-2
8.7590E+2	9.0136E-3
8.7610E+2	9.1203E-3
8.7631E+2	1.1733E-2
8.7652E+2	9.3167E-3
8.7672E+2	1.0155E-2
8.7693E+2	1.0535E-2
8.7714E+2	9.7192E-3
8.7734E+2	9.7045E-3
8.7755E+2	1.0857E-2
8.7776E+2	1.1301E-2
8.7796E+2	9.9323E-3
8.7817E+2	1.0342E-2
8.7838E+2	9.1473E-3
8.7858E+2	8.3007E-3
8.7879E+2	9.8684E-3
8.7900E+2	1.1164E-2
8.7920E+2	8.1452E-3
8.7941E+2	9.3125E-3
8.7962E+2	9.3912E-3
8.7982E+2	8.5724E-3
8.8003E+2	9.4612E-3
8.8024E+2	1.0228E-2
8.8044E+2	9.5081E-3
8.8065E+2	8.5834E-3
8.8086E+2	7.8799E-3
8.8106E+2	1.0164E-2
8.8127E+2	6.9436E-3
8.8148E+2	1.0270E-2
8.8168E+2	1.1612E-2
8.8189E+2	8.9674E-3
8.8209E+2	9.0465E-3
8.8230E+2	9.6756E-3
8.8251E+2	8.6432E-3
8.8271E+2	1.0730E-2
8.8292E+2	8.4267E-3
8.8313E+2	7.5510E-3
8.8333E+2	7.5771E-3
8.8354E+2	9.1861E-3
8.8374E+2	1.0685E-2
8.8395E+2	9.3277E-3
8.8416E+2	7.7808E-3
8.8436E+2	8.0944E-3
8.8457E+2	6.5355E-3
8.8478E+2	9.7628E-3
8.8498E+2	1.0107E-2
8.8519E+2	7.2012E-3
8.8539E+2	1.0238E-2
8.8560E+2	9.2541E-3
8.8581E+2	6.8211E-3
8.8601E+2	1.0468E-2
8.8622E+2	8.3284E-3
8.8642E+2	1.1219E-2
8.8663E+2	6.8024E-3
8.8684E+2	1.0219E-2
8.8704E+2	1.0554E-2
8.8725E+2	9.9562E-3
8.8745E+2	6.8015E-3
8.8766E+2	7.6892E-3
8.8787E+2	7.7273E-3
8.8807E+2	6.4894E-3
8.8828E+2	7.6746E-3
8.8848E+2	7.3052E-3
8.8869E+2	9.5688E-3
8.8890E+2	8.5486E-3
8.8910E+2	7.7823E-3
8.8931E+2	8.8344E-3
8.8951E+2	7.0362E-3
8.8972E+2	9.0851E-3
8.8992E+2	9.1959E-3
8.9013E+2	9.3186E-3
8.9034E+2	8.2301E-3
8.9054E+2	6.1783E-3
8.9075E+2	1.0318E-2
8.9095E+2	8.5978E-3
8.9116E+2	9.5580E-3
8.9136E+2	8.8119E-3
8.9157E+2	8.1849E-3
8.9177E+2	6.4556E-3
8.9198E+2	8.9610E-3
8.9219E+2	1.0336E-2
8.9239E+2	7.2815E-3
8.9260E+2	1.0811E-2
8.9280E+2	8.5836E-3
8.9301E+2	8.2293E-3
8.9321E+2	9.1533E-3
8.9342E+2	9.5282E-3
8.9362E+2	7.8044E-3
8.9383E+2	8.0474E-3
8.9404E+2	6.7044E-3
8.9424E+2	9.6901E-3
8.9445E+2	9.1556E-3
8.9465E+2	8.9442E-3
8.9486E+2	8.5633E-3
8.9506E+2	9.1188E-3
8.9527E+2	8.5891E-3
8.9547E+2	7.1281E-3
8.9568E+2	7.3539E-3
8.9588E+2	8.0729E-3
8.9609E+2	6.3990E-3
8.9629E+2	8.4540E-3
8.9650E+2	1.0902E-2
8.9670E+2	7.1435E-3
8.9691E+2	8.8043E-3
8.9711E+2	6.2584E-3
8.9732E+2	9.3321E-3
8.9752E+2	9.0653E-3
8.9773E+2	9.6376E-3
8.9793E+2	6.8392E-3
8.9814E+2	7.9369E-3
8.9834E+2	7.3847E-3
8.9855E+2	7.1162E-3
8.9875E+2	8.7243E-3
8.9896E+2	7.5525E-3
8.9916E+2	9.5069E-3
8.9937E+2	7.0688E-3
8.9957E+2	9.4018E-3
8.9978E+2	8.2841E-3
8.9998E+2	8.3371E-3
9.0019E+2	6.9139E-3
9.0039E+2	7.3188E-3
9.0060E+2	6.3740E-3
9.0080E+2	8.9942E-3
9.0101E+2	7.8849E-3
9.0121E+2	9.0223E-3
9.0142E+2	6.8451E-3
9.0162E+2	7.0990E-3
9.0183E+2	9.3058E-3
9.0203E+2	6.3619E-3
9.0224E+2	6.9823E-3
9.0244E+2	7.6457E-3
9.0265E+2	7.7828E-3
9.0285E+2	9.3113E-3
9.0306E+2	8.7818E-3
9.0326E+2	7.6974E-3
9.0346E+2	6.8427E-3
9.0367E+2	7.4851E-3
9.0387E+2	6.5280E-3
9.0408E+2	9.0169E-3
9.0428E+2	7.1391E-3
9.0449E+2	5.9550E-3
9.0469E+2	7.7078E-3
9.0490E+2	8.5229E-3
9.0510E+2	7.4363E-3
9.0531E+2	8.3607E-3
9.0551E+2	7.6879E-3
9.0571E+2	8.1290E-3
9.0592E+2	6.8671E-3
9.0612E+2	8.9928E-3
9.0633E+2	9.1582E-3
9.0653E+2	8.6804E-3
9.0674E+2	8.8396E-3
9.0694E+2	8.5089E-3
9.0714E+2	6.7569E-3
9.0735E+2	9.0908E-3
9.0755E+2	9.0908E-3
9.0776E+2	7.6329E-3
9.0796E+2	7.2286E-3
9.0817E+2	1.0255E-2
9.0837E+2	5.5439E-3
9.0857E+2	6.8243E-3
9.0878E+2	9.0051E-3
9.0898E+2	6.3648E-3
9.0919E+2	8.0923E-3
9.0939E+2	7.9943E-3
9.0959E+2	7.5226E-3
9.0980E+2	6.0279E-3
9.1000E+2	6.1443E-3
9.1021E+2	8.1597E-3
9.1041E+2	6.9162E-3
9.1061E+2	6.5609E-3
9.1082E+2	6.7079E-3
9.1102E+2	9.4585E-3
9.1123E+2	5.9606E-3
9.1143E+2	7.2409E-3
9.1163E+2	7.5288E-3
9.1184E+2	9.8812E-3
9.1204E+2	8.4722E-3
9.1225E+2	6.4935E-3
9.1245E+2	7.1368E-3
9.1265E+2	9.0420E-3
9.1286E+2	7.5166E-3
9.1306E+2	6.6222E-3
9.1327E+2	9.8506E-3
9.1347E+2	9.4279E-3
9.1367E+2	7.6024E-3
9.1388E+2	9.8568E-3
9.1408E+2	7.8045E-3
9.1428E+2	7.3512E-3
9.1449E+2	9.5995E-3
9.1469E+2	8.8154E-3
9.1490E+2	8.7786E-3
9.1510E+2	6.6345E-3
9.1530E+2	1.0157E-2
9.1551E+2	8.6500E-3
9.1571E+2	9.2810E-3
9.1591E+2	8.8399E-3
9.1612E+2	6.5365E-3
9.1632E+2	9.7282E-3
9.1652E+2	8.4111E-3
9.1673E+2	7.0083E-3
9.1693E+2	7.4677E-3
9.1713E+2	9.1402E-3
9.1734E+2	7.8476E-3
9.1754E+2	8.4786E-3
9.1774E+2	9.4955E-3
9.1795E+2	6.9042E-3
9.1815E+2	7.3881E-3
9.1835E+2	7.7802E-3
9.1856E+2	7.4004E-3
9.1876E+2	7.9457E-3
