PLQY measurement:
Date: 	22.03.2023 16:25:05
Peak emission wavelength (nm): 758
 PLQY = 	 	1.34E-2
absorded light fraction (%): 88
MAYA saturard: FALSE
USB2000 saturaed: FALSE
wavelength	corrected total emission spec
6.5149E+2	1.8243E-2
6.5172E+2	1.4140E-2
6.5194E+2	1.5764E-2
6.5217E+2	1.4910E-2
6.5239E+2	1.2464E-2
6.5262E+2	1.6843E-2
6.5284E+2	1.5512E-2
6.5307E+2	1.2999E-2
6.5329E+2	1.6195E-2
6.5352E+2	1.4911E-2
6.5374E+2	1.8389E-2
6.5396E+2	1.9023E-2
6.5419E+2	1.1005E-2
6.5441E+2	1.7281E-2
6.5464E+2	1.7307E-2
6.5486E+2	1.9514E-2
6.5509E+2	1.1810E-2
6.5531E+2	1.9288E-2
6.5554E+2	1.4548E-2
6.5576E+2	1.8691E-2
6.5598E+2	1.5204E-2
6.5621E+2	1.7419E-2
6.5643E+2	1.4688E-2
6.5666E+2	1.3961E-2
6.5688E+2	1.6175E-2
6.5711E+2	1.5718E-2
6.5733E+2	1.7982E-2
6.5755E+2	1.4806E-2
6.5778E+2	1.5979E-2
6.5800E+2	1.6288E-2
6.5823E+2	1.7730E-2
6.5845E+2	1.2989E-2
6.5867E+2	1.3963E-2
6.5890E+2	1.8002E-2
6.5912E+2	1.5578E-2
6.5935E+2	1.4077E-2
6.5957E+2	1.6378E-2
6.5980E+2	1.5741E-2
6.6002E+2	1.4276E-2
6.6024E+2	1.6155E-2
6.6047E+2	1.3744E-2
6.6069E+2	1.2270E-2
6.6092E+2	1.2927E-2
6.6114E+2	1.5088E-2
6.6136E+2	1.7428E-2
6.6159E+2	1.4789E-2
6.6181E+2	1.4240E-2
6.6204E+2	1.8561E-2
6.6226E+2	1.9519E-2
6.6248E+2	1.6489E-2
6.6271E+2	1.5870E-2
6.6293E+2	1.3401E-2
6.6315E+2	1.9428E-2
6.6338E+2	1.6029E-2
6.6360E+2	1.7041E-2
6.6383E+2	1.1406E-2
6.6405E+2	1.6800E-2
6.6427E+2	1.3879E-2
6.6450E+2	1.3829E-2
6.6472E+2	1.5446E-2
6.6494E+2	1.4639E-2
6.6517E+2	1.7429E-2
6.6539E+2	1.3383E-2
6.6562E+2	1.6531E-2
6.6584E+2	1.8888E-2
6.6606E+2	1.8231E-2
6.6629E+2	1.6098E-2
6.6651E+2	2.0730E-2
6.6673E+2	1.1733E-2
6.6696E+2	1.8716E-2
6.6718E+2	1.5939E-2
6.6740E+2	1.7366E-2
6.6763E+2	1.7863E-2
6.6785E+2	1.5025E-2
6.6807E+2	1.4504E-2
6.6830E+2	1.7407E-2
6.6852E+2	1.6706E-2
6.6874E+2	1.8320E-2
6.6897E+2	1.7949E-2
6.6919E+2	1.8244E-2
6.6941E+2	1.7090E-2
6.6964E+2	1.9290E-2
6.6986E+2	1.8956E-2
6.7008E+2	1.6741E-2
6.7031E+2	1.6124E-2
6.7053E+2	1.6750E-2
6.7075E+2	1.6951E-2
6.7098E+2	1.8667E-2
6.7120E+2	1.5068E-2
6.7142E+2	1.2796E-2
6.7165E+2	1.6133E-2
6.7187E+2	1.6765E-2
6.7209E+2	1.7679E-2
6.7232E+2	1.8946E-2
6.7254E+2	1.4631E-2
6.7276E+2	1.9584E-2
6.7298E+2	1.4460E-2
6.7321E+2	1.8125E-2
6.7343E+2	1.5920E-2
6.7365E+2	1.5083E-2
6.7388E+2	2.1141E-2
6.7410E+2	1.5583E-2
6.7432E+2	2.2932E-2
6.7455E+2	1.9682E-2
6.7477E+2	1.8688E-2
6.7499E+2	1.8228E-2
6.7521E+2	2.1571E-2
6.7544E+2	1.7941E-2
6.7566E+2	1.8311E-2
6.7588E+2	1.5351E-2
6.7611E+2	1.8609E-2
6.7633E+2	1.9506E-2
6.7655E+2	1.6234E-2
6.7677E+2	1.8172E-2
6.7700E+2	1.6783E-2
6.7722E+2	2.0494E-2
6.7744E+2	2.1187E-2
6.7766E+2	1.8931E-2
6.7789E+2	2.4464E-2
6.7811E+2	1.9218E-2
6.7833E+2	2.2558E-2
6.7856E+2	2.0517E-2
6.7878E+2	2.0479E-2
6.7900E+2	2.0984E-2
6.7922E+2	1.7499E-2
6.7945E+2	2.3685E-2
6.7967E+2	2.1389E-2
6.7989E+2	2.0812E-2
6.8011E+2	2.2151E-2
6.8034E+2	2.4523E-2
6.8056E+2	1.8185E-2
6.8078E+2	2.1479E-2
6.8100E+2	2.0641E-2
6.8123E+2	2.1298E-2
6.8145E+2	2.0299E-2
6.8167E+2	2.3554E-2
6.8189E+2	1.9535E-2
6.8212E+2	2.3721E-2
6.8234E+2	2.1959E-2
6.8256E+2	2.4211E-2
6.8278E+2	2.5593E-2
6.8300E+2	2.1275E-2
6.8323E+2	2.7196E-2
6.8345E+2	2.8011E-2
6.8367E+2	2.1956E-2
6.8389E+2	2.2252E-2
6.8412E+2	2.4227E-2
6.8434E+2	2.3394E-2
6.8456E+2	2.7830E-2
6.8478E+2	2.9568E-2
6.8500E+2	2.1321E-2
6.8523E+2	2.6230E-2
6.8545E+2	2.9288E-2
6.8567E+2	2.1911E-2
6.8589E+2	2.6762E-2
6.8611E+2	2.5756E-2
6.8634E+2	3.0385E-2
6.8656E+2	2.4247E-2
6.8678E+2	3.0502E-2
6.8700E+2	3.1729E-2
6.8722E+2	2.7272E-2
6.8745E+2	3.3617E-2
6.8767E+2	3.2196E-2
6.8789E+2	3.3580E-2
6.8811E+2	2.7742E-2
6.8833E+2	3.2196E-2
6.8856E+2	3.0529E-2
6.8878E+2	3.2035E-2
6.8900E+2	2.9159E-2
6.8922E+2	3.5073E-2
6.8944E+2	3.4483E-2
6.8966E+2	3.4397E-2
6.8989E+2	3.3448E-2
6.9011E+2	3.4809E-2
6.9033E+2	3.4175E-2
6.9055E+2	3.3194E-2
6.9077E+2	3.7545E-2
6.9099E+2	3.9135E-2
6.9122E+2	3.2106E-2
6.9144E+2	4.1479E-2
6.9166E+2	3.5610E-2
6.9188E+2	3.7182E-2
6.9210E+2	3.8098E-2
6.9232E+2	4.0325E-2
6.9255E+2	3.6372E-2
6.9277E+2	4.1036E-2
6.9299E+2	4.0711E-2
6.9321E+2	4.3439E-2
6.9343E+2	4.1228E-2
6.9365E+2	4.0870E-2
6.9387E+2	4.2429E-2
6.9410E+2	4.3802E-2
6.9432E+2	4.2026E-2
6.9454E+2	4.2088E-2
6.9476E+2	4.4403E-2
6.9498E+2	4.9192E-2
6.9520E+2	4.9350E-2
6.9542E+2	4.8871E-2
6.9565E+2	4.5921E-2
6.9587E+2	4.5062E-2
6.9609E+2	5.2308E-2
6.9631E+2	4.8895E-2
6.9653E+2	5.3449E-2
6.9675E+2	5.2597E-2
6.9697E+2	5.6221E-2
6.9719E+2	5.4933E-2
6.9742E+2	5.0095E-2
6.9764E+2	5.3435E-2
6.9786E+2	5.0719E-2
6.9808E+2	5.5620E-2
6.9830E+2	5.3972E-2
6.9852E+2	5.8606E-2
6.9874E+2	5.9354E-2
6.9896E+2	5.7794E-2
6.9918E+2	6.0596E-2
6.9941E+2	6.3588E-2
6.9963E+2	6.5119E-2
6.9985E+2	6.6028E-2
7.0007E+2	7.0145E-2
7.0029E+2	6.7654E-2
7.0051E+2	7.2736E-2
7.0073E+2	6.9326E-2
7.0095E+2	6.7865E-2
7.0117E+2	7.3287E-2
7.0139E+2	7.3630E-2
7.0161E+2	7.4407E-2
7.0184E+2	7.2638E-2
7.0206E+2	7.4986E-2
7.0228E+2	7.4303E-2
7.0250E+2	7.8302E-2
7.0272E+2	7.8775E-2
7.0294E+2	8.2990E-2
7.0316E+2	8.0267E-2
7.0338E+2	8.1688E-2
7.0360E+2	8.7845E-2
7.0382E+2	8.1627E-2
7.0404E+2	8.7714E-2
7.0426E+2	8.4725E-2
7.0448E+2	9.0172E-2
7.0470E+2	9.2496E-2
7.0492E+2	9.2539E-2
7.0515E+2	9.0971E-2
7.0537E+2	9.6866E-2
7.0559E+2	9.8986E-2
7.0581E+2	9.9760E-2
7.0603E+2	9.7131E-2
7.0625E+2	1.0592E-1
7.0647E+2	1.0139E-1
7.0669E+2	1.0355E-1
7.0691E+2	1.1112E-1
7.0713E+2	1.1032E-1
7.0735E+2	1.1220E-1
7.0757E+2	1.1115E-1
7.0779E+2	1.1588E-1
7.0801E+2	1.1634E-1
7.0823E+2	1.1555E-1
7.0845E+2	1.2852E-1
7.0867E+2	1.2438E-1
7.0889E+2	1.3135E-1
7.0911E+2	1.3248E-1
7.0933E+2	1.3181E-1
7.0955E+2	1.3805E-1
7.0977E+2	1.3983E-1
7.0999E+2	1.4022E-1
7.1021E+2	1.3847E-1
7.1043E+2	1.4512E-1
7.1065E+2	1.4573E-1
7.1087E+2	1.4753E-1
7.1109E+2	1.5156E-1
7.1131E+2	1.5116E-1
7.1153E+2	1.5158E-1
7.1175E+2	1.5831E-1
7.1197E+2	1.6195E-1
7.1219E+2	1.6235E-1
7.1241E+2	1.6647E-1
7.1263E+2	1.7472E-1
7.1285E+2	1.8092E-1
7.1307E+2	1.7539E-1
7.1329E+2	1.7994E-1
7.1351E+2	1.8231E-1
7.1373E+2	1.9028E-1
7.1395E+2	1.9664E-1
7.1417E+2	1.9241E-1
7.1439E+2	2.0551E-1
7.1461E+2	1.9610E-1
7.1483E+2	2.0305E-1
7.1505E+2	2.0467E-1
7.1527E+2	2.0598E-1
7.1549E+2	2.1112E-1
7.1571E+2	2.1372E-1
7.1593E+2	2.1799E-1
7.1615E+2	2.2692E-1
7.1637E+2	2.2495E-1
7.1659E+2	2.3528E-1
7.1681E+2	2.2935E-1
7.1703E+2	2.4215E-1
7.1725E+2	2.4676E-1
7.1747E+2	2.4999E-1
7.1769E+2	2.6239E-1
7.1791E+2	2.6566E-1
7.1813E+2	2.6565E-1
7.1835E+2	2.7135E-1
7.1857E+2	2.6789E-1
7.1879E+2	2.7779E-1
7.1901E+2	2.8161E-1
7.1923E+2	2.9089E-1
7.1944E+2	2.9563E-1
7.1966E+2	2.9273E-1
7.1988E+2	2.9750E-1
7.2010E+2	3.0363E-1
7.2032E+2	3.0429E-1
7.2054E+2	3.1312E-1
7.2076E+2	3.2091E-1
7.2098E+2	3.2365E-1
7.2120E+2	3.4003E-1
7.2142E+2	3.3731E-1
7.2164E+2	3.4523E-1
7.2186E+2	3.4198E-1
7.2208E+2	3.5267E-1
7.2230E+2	3.5732E-1
7.2252E+2	3.7757E-1
7.2273E+2	3.7932E-1
7.2295E+2	3.8587E-1
7.2317E+2	3.8985E-1
7.2339E+2	3.9793E-1
7.2361E+2	4.0312E-1
7.2383E+2	4.0739E-1
7.2405E+2	4.1553E-1
7.2427E+2	4.1500E-1
7.2449E+2	4.2484E-1
7.2471E+2	4.3607E-1
7.2493E+2	4.4051E-1
7.2514E+2	4.4664E-1
7.2536E+2	4.5376E-1
7.2558E+2	4.5168E-1
7.2580E+2	4.7301E-1
7.2602E+2	4.7628E-1
7.2624E+2	4.8659E-1
7.2646E+2	4.8436E-1
7.2668E+2	5.0412E-1
7.2690E+2	5.1348E-1
7.2711E+2	5.1922E-1
7.2733E+2	5.2018E-1
7.2755E+2	5.3771E-1
7.2777E+2	5.5134E-1
7.2799E+2	5.5382E-1
7.2821E+2	5.6782E-1
7.2843E+2	5.8286E-1
7.2865E+2	5.9231E-1
7.2886E+2	6.0239E-1
7.2908E+2	5.9714E-1
7.2930E+2	6.0024E-1
7.2952E+2	6.1926E-1
7.2974E+2	6.2436E-1
7.2996E+2	6.3878E-1
7.3018E+2	6.4868E-1
7.3039E+2	6.5380E-1
7.3061E+2	6.5972E-1
7.3083E+2	6.7496E-1
7.3105E+2	6.9157E-1
7.3127E+2	7.0028E-1
7.3149E+2	7.0794E-1
7.3171E+2	7.1874E-1
7.3192E+2	7.4083E-1
7.3214E+2	7.4241E-1
7.3236E+2	7.5876E-1
7.3258E+2	7.8012E-1
7.3280E+2	7.8614E-1
7.3302E+2	8.0118E-1
7.3323E+2	8.1029E-1
7.3345E+2	8.2630E-1
7.3367E+2	8.2945E-1
7.3389E+2	8.4982E-1
7.3411E+2	8.6049E-1
7.3433E+2	8.6996E-1
7.3454E+2	8.8320E-1
7.3476E+2	8.7554E-1
7.3498E+2	8.8103E-1
7.3520E+2	9.0388E-1
7.3542E+2	9.2408E-1
7.3564E+2	9.4357E-1
7.3585E+2	9.5451E-1
7.3607E+2	9.7236E-1
7.3629E+2	9.8165E-1
7.3651E+2	9.9860E-1
7.3673E+2	1.0240E+0
7.3694E+2	1.0440E+0
7.3716E+2	1.0591E+0
7.3738E+2	1.0779E+0
7.3760E+2	1.0902E+0
7.3782E+2	1.1048E+0
7.3803E+2	1.1064E+0
7.3825E+2	1.1371E+0
7.3847E+2	1.1515E+0
7.3869E+2	1.1545E+0
7.3891E+2	1.1732E+0
7.3912E+2	1.1878E+0
7.3934E+2	1.1949E+0
7.3956E+2	1.1997E+0
7.3978E+2	1.2180E+0
7.4000E+2	1.2385E+0
7.4021E+2	1.2591E+0
7.4043E+2	1.2666E+0
7.4065E+2	1.2871E+0
7.4087E+2	1.3192E+0
7.4108E+2	1.3416E+0
7.4130E+2	1.3414E+0
7.4152E+2	1.3588E+0
7.4174E+2	1.3923E+0
7.4196E+2	1.4152E+0
7.4217E+2	1.4328E+0
7.4239E+2	1.4607E+0
7.4261E+2	1.4766E+0
7.4283E+2	1.4802E+0
7.4304E+2	1.4895E+0
7.4326E+2	1.5324E+0
7.4348E+2	1.5416E+0
7.4370E+2	1.5529E+0
7.4391E+2	1.5587E+0
7.4413E+2	1.5806E+0
7.4435E+2	1.5926E+0
7.4457E+2	1.5959E+0
7.4478E+2	1.6124E+0
7.4500E+2	1.6268E+0
7.4522E+2	1.6567E+0
7.4544E+2	1.6640E+0
7.4565E+2	1.6913E+0
7.4587E+2	1.7024E+0
7.4609E+2	1.7184E+0
7.4631E+2	1.7555E+0
7.4652E+2	1.7763E+0
7.4674E+2	1.7813E+0
7.4696E+2	1.8171E+0
7.4717E+2	1.8307E+0
7.4739E+2	1.8602E+0
7.4761E+2	1.8722E+0
7.4783E+2	1.8976E+0
7.4804E+2	1.9028E+0
7.4826E+2	1.9229E+0
7.4848E+2	1.9286E+0
7.4869E+2	1.9278E+0
7.4891E+2	1.9415E+0
7.4913E+2	1.9473E+0
7.4935E+2	1.9844E+0
7.4956E+2	1.9745E+0
7.4978E+2	1.9842E+0
7.5000E+2	1.9886E+0
7.5021E+2	1.9957E+0
7.5043E+2	2.0275E+0
7.5065E+2	2.0247E+0
7.5087E+2	2.0471E+0
7.5108E+2	2.0442E+0
7.5130E+2	2.0700E+0
7.5152E+2	2.0797E+0
7.5173E+2	2.1010E+0
7.5195E+2	2.1262E+0
7.5217E+2	2.1579E+0
7.5238E+2	2.1614E+0
7.5260E+2	2.1674E+0
7.5282E+2	2.1839E+0
7.5303E+2	2.1756E+0
7.5325E+2	2.1809E+0
7.5347E+2	2.1997E+0
7.5368E+2	2.2002E+0
7.5390E+2	2.2035E+0
7.5412E+2	2.2085E+0
7.5433E+2	2.1972E+0
7.5455E+2	2.2031E+0
7.5477E+2	2.2073E+0
7.5498E+2	2.2091E+0
7.5520E+2	2.2148E+0
7.5542E+2	2.2104E+0
7.5563E+2	2.2180E+0
7.5585E+2	2.2062E+0
7.5607E+2	2.2153E+0
7.5628E+2	2.2035E+0
7.5650E+2	2.2224E+0
7.5672E+2	2.2301E+0
7.5693E+2	2.2340E+0
7.5715E+2	2.2539E+0
7.5737E+2	2.2623E+0
7.5758E+2	2.2547E+0
7.5780E+2	2.2581E+0
7.5802E+2	2.2735E+0
7.5823E+2	2.2836E+0
7.5845E+2	2.2757E+0
7.5866E+2	2.2726E+0
7.5888E+2	2.2744E+0
7.5910E+2	2.2673E+0
7.5931E+2	2.2571E+0
7.5953E+2	2.2484E+0
7.5975E+2	2.2405E+0
7.5996E+2	2.2345E+0
7.6018E+2	2.2283E+0
7.6040E+2	2.2131E+0
7.6061E+2	2.2148E+0
7.6083E+2	2.1993E+0
7.6104E+2	2.1857E+0
7.6126E+2	2.1813E+0
7.6148E+2	2.1990E+0
7.6169E+2	2.1831E+0
7.6191E+2	2.1816E+0
7.6212E+2	2.1860E+0
7.6234E+2	2.1829E+0
7.6256E+2	2.1802E+0
7.6277E+2	2.1862E+0
7.6299E+2	2.1937E+0
7.6320E+2	2.1908E+0
7.6342E+2	2.1794E+0
7.6364E+2	2.1816E+0
7.6385E+2	2.1688E+0
7.6407E+2	2.1688E+0
7.6428E+2	2.1568E+0
7.6450E+2	2.1456E+0
7.6472E+2	2.1367E+0
7.6493E+2	2.1235E+0
7.6515E+2	2.0940E+0
7.6536E+2	2.1064E+0
7.6558E+2	2.0853E+0
7.6579E+2	2.0802E+0
7.6601E+2	2.0576E+0
7.6623E+2	2.0520E+0
7.6644E+2	2.0445E+0
7.6666E+2	2.0206E+0
7.6687E+2	2.0172E+0
7.6709E+2	2.0153E+0
7.6730E+2	1.9880E+0
7.6752E+2	1.9973E+0
7.6774E+2	2.0115E+0
7.6795E+2	1.9842E+0
7.6817E+2	1.9815E+0
7.6838E+2	1.9862E+0
7.6860E+2	1.9894E+0
7.6881E+2	1.9669E+0
7.6903E+2	1.9758E+0
7.6925E+2	1.9676E+0
7.6946E+2	1.9535E+0
7.6968E+2	1.9579E+0
7.6989E+2	1.9418E+0
7.7011E+2	1.9223E+0
7.7032E+2	1.9190E+0
7.7054E+2	1.8977E+0
7.7075E+2	1.8820E+0
7.7097E+2	1.8854E+0
7.7118E+2	1.8509E+0
7.7140E+2	1.8446E+0
7.7161E+2	1.8375E+0
7.7183E+2	1.8144E+0
7.7205E+2	1.7893E+0
7.7226E+2	1.7793E+0
7.7248E+2	1.7707E+0
7.7269E+2	1.7721E+0
7.7291E+2	1.7614E+0
7.7312E+2	1.7419E+0
7.7334E+2	1.7352E+0
7.7355E+2	1.7342E+0
7.7377E+2	1.7271E+0
7.7398E+2	1.7249E+0
7.7420E+2	1.7256E+0
7.7441E+2	1.6987E+0
7.7463E+2	1.7063E+0
7.7484E+2	1.6880E+0
7.7506E+2	1.6926E+0
7.7527E+2	1.6876E+0
7.7549E+2	1.6677E+0
7.7570E+2	1.6580E+0
7.7592E+2	1.6284E+0
7.7613E+2	1.6258E+0
7.7635E+2	1.6104E+0
7.7656E+2	1.5852E+0
7.7678E+2	1.5628E+0
7.7699E+2	1.5588E+0
7.7721E+2	1.5377E+0
7.7742E+2	1.5165E+0
7.7764E+2	1.4905E+0
7.7785E+2	1.4696E+0
7.7807E+2	1.4733E+0
7.7828E+2	1.4576E+0
7.7850E+2	1.4390E+0
7.7871E+2	1.4165E+0
7.7893E+2	1.4135E+0
7.7914E+2	1.4066E+0
7.7936E+2	1.3971E+0
7.7957E+2	1.3857E+0
7.7978E+2	1.3744E+0
7.8000E+2	1.3705E+0
7.8021E+2	1.3619E+0
7.8043E+2	1.3435E+0
7.8064E+2	1.3359E+0
7.8086E+2	1.3239E+0
7.8107E+2	1.3054E+0
7.8129E+2	1.3028E+0
7.8150E+2	1.2843E+0
7.8172E+2	1.2696E+0
7.8193E+2	1.2445E+0
7.8214E+2	1.2321E+0
7.8236E+2	1.2095E+0
7.8257E+2	1.2058E+0
7.8279E+2	1.1903E+0
7.8300E+2	1.1636E+0
7.8322E+2	1.1598E+0
7.8343E+2	1.1433E+0
7.8365E+2	1.1162E+0
7.8386E+2	1.1124E+0
7.8407E+2	1.0996E+0
7.8429E+2	1.0925E+0
7.8450E+2	1.0768E+0
7.8472E+2	1.0678E+0
7.8493E+2	1.0630E+0
7.8515E+2	1.0363E+0
7.8536E+2	1.0330E+0
7.8557E+2	1.0245E+0
7.8579E+2	1.0140E+0
7.8600E+2	1.0055E+0
7.8622E+2	1.0026E+0
7.8643E+2	9.9091E-1
7.8665E+2	9.7824E-1
7.8686E+2	9.7051E-1
7.8707E+2	9.5367E-1
7.8729E+2	9.4601E-1
7.8750E+2	9.2534E-1
7.8772E+2	9.1328E-1
7.8793E+2	8.9811E-1
7.8814E+2	8.8720E-1
7.8836E+2	8.7742E-1
7.8857E+2	8.6508E-1
7.8879E+2	8.4565E-1
7.8900E+2	8.3079E-1
7.8921E+2	8.2548E-1
7.8943E+2	8.0940E-1
7.8964E+2	7.9592E-1
7.8985E+2	7.8895E-1
7.9007E+2	7.8055E-1
7.9028E+2	7.5359E-1
7.9050E+2	7.5476E-1
7.9071E+2	7.4190E-1
7.9092E+2	7.3564E-1
7.9114E+2	7.1827E-1
7.9135E+2	7.1558E-1
7.9157E+2	7.0820E-1
7.9178E+2	7.0605E-1
7.9199E+2	6.9173E-1
7.9221E+2	6.9145E-1
7.9242E+2	6.8166E-1
7.9263E+2	6.7118E-1
7.9285E+2	6.6100E-1
7.9306E+2	6.5170E-1
7.9327E+2	6.4803E-1
7.9349E+2	6.3654E-1
7.9370E+2	6.2128E-1
7.9392E+2	6.1267E-1
7.9413E+2	6.0037E-1
7.9434E+2	5.8606E-1
7.9456E+2	5.8303E-1
7.9477E+2	5.7374E-1
7.9498E+2	5.6159E-1
7.9520E+2	5.5158E-1
7.9541E+2	5.4189E-1
7.9562E+2	5.2909E-1
7.9584E+2	5.2274E-1
7.9605E+2	5.1323E-1
7.9626E+2	5.0995E-1
7.9648E+2	5.0188E-1
7.9669E+2	4.9136E-1
7.9690E+2	4.8753E-1
7.9712E+2	4.8051E-1
7.9733E+2	4.7193E-1
7.9754E+2	4.6377E-1
7.9776E+2	4.5977E-1
7.9797E+2	4.5102E-1
7.9818E+2	4.4876E-1
7.9840E+2	4.4276E-1
7.9861E+2	4.4136E-1
7.9882E+2	4.2967E-1
7.9904E+2	4.2569E-1
7.9925E+2	4.1712E-1
7.9946E+2	4.0724E-1
7.9967E+2	4.0058E-1
7.9989E+2	3.9708E-1
8.0010E+2	3.8680E-1
8.0031E+2	3.8366E-1
8.0053E+2	3.7378E-1
8.0074E+2	3.6802E-1
8.0095E+2	3.6074E-1
8.0117E+2	3.5228E-1
8.0138E+2	3.4319E-1
8.0159E+2	3.4257E-1
8.0180E+2	3.3563E-1
8.0202E+2	3.3205E-1
8.0223E+2	3.2684E-1
8.0244E+2	3.1249E-1
8.0266E+2	3.1522E-1
8.0287E+2	3.1286E-1
8.0308E+2	3.0370E-1
8.0329E+2	3.0059E-1
8.0351E+2	2.9411E-1
8.0372E+2	2.9379E-1
8.0393E+2	2.9057E-1
8.0415E+2	2.8398E-1
8.0436E+2	2.8241E-1
8.0457E+2	2.8229E-1
8.0478E+2	2.7505E-1
8.0500E+2	2.7108E-1
8.0521E+2	2.6552E-1
8.0542E+2	2.6225E-1
8.0563E+2	2.5576E-1
8.0585E+2	2.5229E-1
8.0606E+2	2.5308E-1
8.0627E+2	2.4216E-1
8.0648E+2	2.3644E-1
8.0670E+2	2.3052E-1
8.0691E+2	2.2932E-1
8.0712E+2	2.2909E-1
8.0733E+2	2.2634E-1
8.0755E+2	2.1437E-1
8.0776E+2	2.1738E-1
8.0797E+2	2.1015E-1
8.0818E+2	2.0733E-1
8.0840E+2	2.0503E-1
8.0861E+2	1.9942E-1
8.0882E+2	1.9741E-1
8.0903E+2	1.9207E-1
8.0925E+2	1.9248E-1
8.0946E+2	1.9040E-1
8.0967E+2	1.8649E-1
8.0988E+2	1.8333E-1
8.1009E+2	1.7757E-1
8.1031E+2	1.7771E-1
8.1052E+2	1.7790E-1
8.1073E+2	1.7639E-1
8.1094E+2	1.7072E-1
8.1116E+2	1.6918E-1
8.1137E+2	1.6744E-1
8.1158E+2	1.6056E-1
8.1179E+2	1.6147E-1
8.1200E+2	1.5795E-1
8.1222E+2	1.5548E-1
8.1243E+2	1.4937E-1
8.1264E+2	1.5451E-1
8.1285E+2	1.4139E-1
8.1306E+2	1.4305E-1
8.1328E+2	1.3881E-1
8.1349E+2	1.3697E-1
8.1370E+2	1.3495E-1
8.1391E+2	1.3419E-1
8.1412E+2	1.3070E-1
8.1434E+2	1.2891E-1
8.1455E+2	1.3077E-1
8.1476E+2	1.3062E-1
8.1497E+2	1.2272E-1
8.1518E+2	1.2292E-1
8.1540E+2	1.1912E-1
8.1561E+2	1.1707E-1
8.1582E+2	1.1660E-1
8.1603E+2	1.1494E-1
8.1624E+2	1.1544E-1
8.1645E+2	1.1366E-1
8.1667E+2	1.1332E-1
8.1688E+2	1.0689E-1
8.1709E+2	1.0553E-1
8.1730E+2	1.0494E-1
8.1751E+2	1.0438E-1
8.1772E+2	1.0367E-1
8.1794E+2	1.0420E-1
8.1815E+2	1.0000E-1
8.1836E+2	1.0065E-1
8.1857E+2	9.8351E-2
8.1878E+2	9.4464E-2
8.1899E+2	9.4749E-2
8.1921E+2	9.1105E-2
8.1942E+2	9.1077E-2
8.1963E+2	8.7504E-2
8.1984E+2	8.5708E-2
8.2005E+2	8.4767E-2
8.2026E+2	8.5831E-2
8.2047E+2	8.2626E-2
8.2069E+2	8.1713E-2
8.2090E+2	8.1225E-2
8.2111E+2	8.0935E-2
8.2132E+2	7.6039E-2
8.2153E+2	7.6043E-2
8.2174E+2	7.4088E-2
8.2195E+2	7.3522E-2
8.2216E+2	7.3940E-2
8.2238E+2	7.2502E-2
8.2259E+2	7.2751E-2
8.2280E+2	7.8721E-2
8.2301E+2	8.0652E-2
8.2322E+2	7.6623E-2
8.2343E+2	7.6179E-2
8.2364E+2	7.3414E-2
8.2385E+2	7.1333E-2
8.2407E+2	7.1589E-2
8.2428E+2	7.1969E-2
8.2449E+2	6.9803E-2
8.2470E+2	6.3516E-2
8.2491E+2	6.1692E-2
8.2512E+2	5.8796E-2
8.2533E+2	6.1424E-2
8.2554E+2	5.6962E-2
8.2575E+2	5.8518E-2
8.2596E+2	5.4390E-2
8.2618E+2	5.8344E-2
8.2639E+2	5.3699E-2
8.2660E+2	5.4397E-2
8.2681E+2	5.6205E-2
8.2702E+2	5.1885E-2
8.2723E+2	5.0047E-2
8.2744E+2	5.1753E-2
8.2765E+2	4.7231E-2
8.2786E+2	4.8532E-2
8.2807E+2	4.7844E-2
8.2828E+2	4.9525E-2
8.2849E+2	4.6595E-2
8.2871E+2	4.6242E-2
8.2892E+2	4.6674E-2
8.2913E+2	4.7451E-2
8.2934E+2	4.4416E-2
8.2955E+2	4.3795E-2
8.2976E+2	4.2960E-2
8.2997E+2	4.2642E-2
8.3018E+2	4.5049E-2
8.3039E+2	4.2518E-2
8.3060E+2	4.3509E-2
8.3081E+2	4.2054E-2
8.3102E+2	3.9376E-2
8.3123E+2	4.0122E-2
8.3144E+2	3.8506E-2
8.3165E+2	3.9556E-2
8.3186E+2	4.0000E-2
8.3208E+2	4.0868E-2
8.3229E+2	3.7081E-2
8.3250E+2	3.6201E-2
8.3271E+2	3.5659E-2
8.3292E+2	3.5509E-2
8.3313E+2	3.8586E-2
8.3334E+2	3.3304E-2
8.3355E+2	3.3706E-2
8.3376E+2	3.4875E-2
8.3397E+2	3.6018E-2
8.3418E+2	3.2015E-2
8.3439E+2	3.1866E-2
8.3460E+2	3.2277E-2
8.3481E+2	3.4349E-2
8.3502E+2	3.0109E-2
8.3523E+2	3.0017E-2
8.3544E+2	3.1594E-2
8.3565E+2	3.1961E-2
8.3586E+2	2.9452E-2
8.3607E+2	2.8493E-2
8.3628E+2	2.9869E-2
8.3649E+2	2.7791E-2
8.3670E+2	2.8777E-2
8.3691E+2	2.9670E-2
8.3712E+2	2.9840E-2
8.3733E+2	2.8470E-2
8.3754E+2	2.8103E-2
8.3775E+2	2.7407E-2
8.3796E+2	2.6436E-2
8.3817E+2	2.5709E-2
8.3838E+2	2.8895E-2
8.3859E+2	2.6642E-2
8.3880E+2	2.5930E-2
8.3901E+2	2.5435E-2
8.3922E+2	2.5548E-2
8.3943E+2	2.5584E-2
8.3964E+2	2.4949E-2
8.3985E+2	2.5123E-2
8.4006E+2	2.1362E-2
8.4027E+2	2.4842E-2
8.4048E+2	2.1568E-2
8.4069E+2	2.1683E-2
8.4090E+2	2.2286E-2
8.4111E+2	2.2442E-2
8.4132E+2	2.0067E-2
8.4153E+2	2.2138E-2
8.4174E+2	2.1887E-2
8.4195E+2	2.2391E-2
8.4216E+2	2.0737E-2
8.4237E+2	1.9717E-2
8.4258E+2	1.9784E-2
8.4279E+2	1.9758E-2
8.4300E+2	2.0620E-2
8.4321E+2	2.0273E-2
8.4342E+2	1.9957E-2
8.4362E+2	2.0559E-2
8.4383E+2	1.8511E-2
8.4404E+2	1.9393E-2
8.4425E+2	2.0276E-2
8.4446E+2	1.9058E-2
8.4467E+2	1.8647E-2
8.4488E+2	2.0640E-2
8.4509E+2	2.0133E-2
8.4530E+2	1.6953E-2
8.4551E+2	1.8273E-2
8.4572E+2	1.9264E-2
8.4593E+2	1.9647E-2
8.4614E+2	1.9526E-2
8.4635E+2	1.6893E-2
8.4656E+2	1.8294E-2
8.4677E+2	1.7692E-2
8.4697E+2	1.8133E-2
8.4718E+2	1.8501E-2
8.4739E+2	1.6465E-2
8.4760E+2	1.7444E-2
8.4781E+2	1.5507E-2
8.4802E+2	1.7519E-2
8.4823E+2	1.6927E-2
8.4844E+2	1.6045E-2
8.4865E+2	1.5206E-2
8.4886E+2	1.6558E-2
8.4907E+2	1.6430E-2
8.4928E+2	1.6260E-2
8.4948E+2	1.5739E-2
8.4969E+2	1.6114E-2
8.4990E+2	1.6328E-2
8.5011E+2	1.5075E-2
8.5032E+2	1.4443E-2
8.5053E+2	1.7147E-2
8.5074E+2	1.3544E-2
8.5095E+2	1.3512E-2
8.5116E+2	1.4866E-2
8.5137E+2	1.5465E-2
8.5157E+2	1.4215E-2
8.5178E+2	1.4048E-2
8.5199E+2	1.3784E-2
8.5220E+2	1.4702E-2
8.5241E+2	1.3521E-2
8.5262E+2	1.2995E-2
8.5283E+2	1.3310E-2
8.5304E+2	1.5041E-2
8.5324E+2	1.3778E-2
8.5345E+2	1.3596E-2
8.5366E+2	1.2243E-2
8.5387E+2	1.2038E-2
8.5408E+2	1.2839E-2
8.5429E+2	1.4184E-2
8.5450E+2	1.3036E-2
8.5471E+2	1.1946E-2
8.5491E+2	1.0612E-2
8.5512E+2	1.3264E-2
8.5533E+2	1.1862E-2
8.5554E+2	1.4217E-2
8.5575E+2	1.2445E-2
8.5596E+2	1.3170E-2
8.5617E+2	1.2155E-2
8.5637E+2	1.0647E-2
8.5658E+2	1.1094E-2
8.5679E+2	1.1119E-2
8.5700E+2	1.0927E-2
8.5721E+2	1.1547E-2
8.5742E+2	1.1645E-2
8.5762E+2	1.2144E-2
8.5783E+2	1.2972E-2
8.5804E+2	1.1251E-2
8.5825E+2	1.1362E-2
8.5846E+2	1.1054E-2
8.5867E+2	1.1746E-2
8.5887E+2	1.0150E-2
8.5908E+2	1.1108E-2
8.5929E+2	1.0618E-2
8.5950E+2	1.1359E-2
8.5971E+2	9.8933E-3
8.5992E+2	1.1145E-2
8.6012E+2	9.9253E-3
8.6033E+2	8.7439E-3
8.6054E+2	1.1665E-2
8.6075E+2	1.1842E-2
8.6096E+2	1.0872E-2
8.6116E+2	8.1068E-3
8.6137E+2	9.3798E-3
8.6158E+2	1.1057E-2
8.6179E+2	1.0222E-2
8.6200E+2	8.9077E-3
8.6220E+2	1.1177E-2
8.6241E+2	9.8852E-3
8.6262E+2	9.8535E-3
8.6283E+2	1.0592E-2
8.6304E+2	1.0205E-2
8.6324E+2	9.5475E-3
8.6345E+2	9.2360E-3
8.6366E+2	9.0045E-3
8.6387E+2	1.0070E-2
8.6408E+2	9.9581E-3
8.6428E+2	7.7305E-3
8.6449E+2	9.9831E-3
8.6470E+2	9.1461E-3
8.6491E+2	1.0386E-2
8.6511E+2	8.2212E-3
8.6532E+2	6.9047E-3
8.6553E+2	7.9533E-3
8.6574E+2	9.2472E-3
8.6595E+2	9.1175E-3
8.6615E+2	8.8257E-3
8.6636E+2	9.7573E-3
8.6657E+2	8.6985E-3
8.6678E+2	7.5094E-3
8.6698E+2	8.7233E-3
8.6719E+2	8.2167E-3
8.6740E+2	7.1070E-3
8.6761E+2	1.0228E-2
8.6781E+2	1.0815E-2
8.6802E+2	1.0586E-2
8.6823E+2	9.6203E-3
8.6844E+2	9.7497E-3
8.6864E+2	8.5735E-3
8.6885E+2	9.1339E-3
8.6906E+2	7.7079E-3
8.6927E+2	1.0524E-2
8.6947E+2	9.9434E-3
8.6968E+2	7.7899E-3
8.6989E+2	9.4093E-3
8.7010E+2	8.4130E-3
8.7030E+2	8.9953E-3
8.7051E+2	8.2292E-3
8.7072E+2	8.1686E-3
8.7093E+2	7.7480E-3
8.7113E+2	7.5420E-3
8.7134E+2	6.8327E-3
8.7155E+2	7.7322E-3
8.7175E+2	8.3685E-3
8.7196E+2	8.3543E-3
8.7217E+2	7.3931E-3
8.7238E+2	7.3209E-3
8.7258E+2	8.6373E-3
8.7279E+2	7.6463E-3
8.7300E+2	9.2580E-3
8.7320E+2	7.8373E-3
8.7341E+2	8.2822E-3
8.7362E+2	6.9762E-3
8.7383E+2	7.8890E-3
8.7403E+2	7.4345E-3
8.7424E+2	7.1143E-3
8.7445E+2	7.2664E-3
8.7465E+2	7.4020E-3
8.7486E+2	9.3465E-3
8.7507E+2	8.9316E-3
8.7527E+2	8.4029E-3
8.7548E+2	8.0890E-3
8.7569E+2	7.7865E-3
8.7590E+2	6.9784E-3
8.7610E+2	7.6515E-3
8.7631E+2	9.2194E-3
8.7652E+2	8.2725E-3
8.7672E+2	6.4668E-3
8.7693E+2	9.2063E-3
8.7714E+2	5.9131E-3
8.7734E+2	7.1492E-3
8.7755E+2	8.5596E-3
8.7776E+2	9.0416E-3
8.7796E+2	7.7626E-3
8.7817E+2	9.0761E-3
8.7838E+2	6.2139E-3
8.7858E+2	6.4393E-3
8.7879E+2	6.8557E-3
8.7900E+2	7.9947E-3
8.7920E+2	7.4854E-3
8.7941E+2	7.0865E-3
8.7962E+2	8.8733E-3
8.7982E+2	6.9148E-3
8.8003E+2	6.5465E-3
8.8024E+2	7.0533E-3
8.8044E+2	7.8359E-3
8.8065E+2	7.8962E-3
8.8086E+2	9.0213E-3
8.8106E+2	6.4928E-3
8.8127E+2	7.0345E-3
8.8148E+2	6.9077E-3
8.8168E+2	7.2093E-3
8.8189E+2	7.3306E-3
8.8209E+2	8.5917E-3
8.8230E+2	8.0506E-3
8.8251E+2	6.8746E-3
8.8271E+2	6.8796E-3
8.8292E+2	7.0083E-3
8.8313E+2	6.6658E-3
8.8333E+2	5.9623E-3
8.8354E+2	8.1830E-3
8.8374E+2	7.5311E-3
8.8395E+2	8.0240E-3
8.8416E+2	7.9764E-3
8.8436E+2	7.7031E-3
8.8457E+2	7.7359E-3
8.8478E+2	7.5567E-3
8.8498E+2	6.2942E-3
8.8519E+2	7.4102E-3
8.8539E+2	8.8924E-3
8.8560E+2	6.4563E-3
8.8581E+2	7.3704E-3
8.8601E+2	7.1319E-3
8.8622E+2	6.6792E-3
8.8642E+2	9.6476E-3
8.8663E+2	6.1081E-3
8.8684E+2	8.0179E-3
8.8704E+2	7.0667E-3
8.8725E+2	7.2545E-3
8.8745E+2	5.5813E-3
8.8766E+2	7.6761E-3
8.8787E+2	8.2394E-3
8.8807E+2	5.3468E-3
8.8828E+2	7.6878E-3
8.8848E+2	8.0018E-3
8.8869E+2	5.7157E-3
8.8890E+2	8.3513E-3
8.8910E+2	6.7031E-3
8.8931E+2	6.7145E-3
8.8951E+2	6.3775E-3
8.8972E+2	6.4099E-3
8.8992E+2	7.4160E-3
8.9013E+2	7.4325E-3
8.9034E+2	6.6334E-3
8.9054E+2	7.3136E-3
8.9075E+2	9.6572E-3
8.9095E+2	6.6555E-3
8.9116E+2	7.1657E-3
8.9136E+2	6.6831E-3
8.9157E+2	6.3859E-3
8.9177E+2	5.2910E-3
8.9198E+2	6.4850E-3
8.9219E+2	7.8458E-3
8.9239E+2	5.9695E-3
8.9260E+2	6.6743E-3
8.9280E+2	7.3367E-3
8.9301E+2	6.6102E-3
8.9321E+2	8.0645E-3
8.9342E+2	6.1675E-3
8.9362E+2	6.8874E-3
8.9383E+2	6.3322E-3
8.9404E+2	6.1723E-3
8.9424E+2	6.1766E-3
8.9445E+2	6.5458E-3
8.9465E+2	8.5845E-3
8.9486E+2	6.6710E-3
8.9506E+2	6.7591E-3
8.9527E+2	7.4287E-3
8.9547E+2	6.7944E-3
8.9568E+2	5.8986E-3
8.9588E+2	6.6836E-3
8.9609E+2	6.2119E-3
8.9629E+2	5.7530E-3
8.9650E+2	9.2569E-3
8.9670E+2	6.2467E-3
8.9691E+2	8.2151E-3
8.9711E+2	6.1378E-3
8.9732E+2	9.5064E-3
8.9752E+2	7.0803E-3
8.9773E+2	7.2222E-3
8.9793E+2	6.6379E-3
8.9814E+2	7.9504E-3
8.9834E+2	6.4976E-3
8.9855E+2	5.8656E-3
8.9875E+2	6.3833E-3
8.9896E+2	6.2335E-3
8.9916E+2	6.3427E-3
8.9937E+2	7.4191E-3
8.9957E+2	7.9191E-3
8.9978E+2	6.4364E-3
8.9998E+2	3.3040E-3
9.0019E+2	6.4549E-3
9.0039E+2	5.5492E-3
9.0060E+2	5.9550E-3
9.0080E+2	6.5465E-3
9.0101E+2	6.1665E-3
9.0121E+2	5.3806E-3
9.0142E+2	6.2491E-3
9.0162E+2	6.0283E-3
9.0183E+2	8.1260E-3
9.0203E+2	6.1041E-3
9.0224E+2	6.9959E-3
9.0244E+2	6.8444E-3
9.0265E+2	7.7556E-3
9.0285E+2	5.9691E-3
9.0306E+2	7.0571E-3
9.0326E+2	6.5444E-3
9.0346E+2	7.6138E-3
9.0367E+2	6.2729E-3
9.0387E+2	6.8361E-3
9.0408E+2	6.4021E-3
9.0428E+2	6.7255E-3
9.0449E+2	5.0835E-3
9.0469E+2	6.7494E-3
9.0490E+2	6.1079E-3
9.0510E+2	6.6747E-3
9.0531E+2	7.8298E-3
9.0551E+2	3.9171E-3
9.0571E+2	5.5289E-3
9.0592E+2	5.8461E-3
9.0612E+2	6.9508E-3
9.0633E+2	7.5246E-3
9.0653E+2	7.6186E-3
9.0674E+2	5.9401E-3
9.0694E+2	7.5696E-3
9.0714E+2	6.1851E-3
9.0735E+2	6.2457E-3
9.0755E+2	5.2247E-3
9.0776E+2	5.8359E-3
9.0796E+2	7.1197E-3
9.0817E+2	5.9939E-3
9.0837E+2	5.3125E-3
9.0857E+2	6.3206E-3
9.0878E+2	6.9087E-3
9.0898E+2	6.5690E-3
9.0919E+2	6.3771E-3
9.0939E+2	6.2110E-3
9.0959E+2	7.6315E-3
9.0980E+2	6.1368E-3
9.1000E+2	6.9066E-3
9.1021E+2	7.6969E-3
9.1041E+2	6.3444E-3
9.1061E+2	5.9891E-3
9.1082E+2	8.7907E-3
9.1102E+2	4.9389E-3
9.1123E+2	5.3616E-3
9.1143E+2	7.4587E-3
9.1163E+2	6.3172E-3
9.1184E+2	7.7167E-3
9.1204E+2	4.8647E-3
9.1225E+2	7.0244E-3
9.1245E+2	6.6603E-3
9.1265E+2	7.0953E-3
9.1286E+2	6.6726E-3
9.1306E+2	5.3153E-3
9.1327E+2	6.8965E-3
9.1347E+2	5.3167E-3
9.1367E+2	6.6222E-3
9.1388E+2	7.0796E-3
9.1408E+2	6.2662E-3
9.1428E+2	6.7386E-3
9.1449E+2	5.4066E-3
9.1469E+2	7.3587E-3
9.1490E+2	8.1660E-3
9.1510E+2	6.6890E-3
9.1530E+2	8.1694E-3
9.1551E+2	7.2070E-3
9.1571E+2	6.6264E-3
9.1591E+2	6.5529E-3
9.1612E+2	6.8224E-3
9.1632E+2	9.0884E-3
9.1652E+2	6.7094E-3
9.1673E+2	7.0899E-3
9.1693E+2	7.4133E-3
9.1713E+2	7.2479E-3
9.1734E+2	7.0716E-3
9.1754E+2	7.7843E-3
9.1774E+2	7.0178E-3
9.1795E+2	7.4079E-3
9.1815E+2	6.0132E-3
9.1835E+2	6.3236E-3
9.1856E+2	7.9041E-3
9.1876E+2	6.8702E-3
