PLQY measurement:
Date: 	22.03.2023 16:26:46
Peak emission wavelength (nm): 775
 PLQY = 	 	1.39E-2
absorded light fraction (%): 90
MAYA saturard: FALSE
USB2000 saturaed: FALSE
wavelength	corrected total emission spec
6.5149E+2	1.7314E-2
6.5172E+2	1.7118E-2
6.5194E+2	1.8832E-2
6.5217E+2	2.2370E-2
6.5239E+2	1.8215E-2
6.5262E+2	2.0283E-2
6.5284E+2	1.5996E-2
6.5307E+2	1.6305E-2
6.5329E+2	1.4098E-2
6.5352E+2	1.9843E-2
6.5374E+2	1.6972E-2
6.5396E+2	2.1613E-2
6.5419E+2	1.6656E-2
6.5441E+2	2.3474E-2
6.5464E+2	2.0529E-2
6.5486E+2	2.0444E-2
6.5509E+2	9.9062E-3
6.5531E+2	1.9098E-2
6.5554E+2	1.2531E-2
6.5576E+2	1.9307E-2
6.5598E+2	1.7641E-2
6.5621E+2	1.8057E-2
6.5643E+2	2.2094E-2
6.5666E+2	2.0625E-2
6.5688E+2	1.7892E-2
6.5711E+2	1.9006E-2
6.5733E+2	1.5708E-2
6.5755E+2	1.6187E-2
6.5778E+2	2.1076E-2
6.5800E+2	1.5657E-2
6.5823E+2	2.1622E-2
6.5845E+2	1.5781E-2
6.5867E+2	1.4475E-2
6.5890E+2	2.0810E-2
6.5912E+2	1.5346E-2
6.5935E+2	1.8934E-2
6.5957E+2	1.8894E-2
6.5980E+2	2.2776E-2
6.6002E+2	1.3032E-2
6.6024E+2	1.8225E-2
6.6047E+2	1.5741E-2
6.6069E+2	1.4609E-2
6.6092E+2	1.5880E-2
6.6114E+2	1.7350E-2
6.6136E+2	1.9071E-2
6.6159E+2	1.9574E-2
6.6181E+2	1.7767E-2
6.6204E+2	2.3240E-2
6.6226E+2	1.9201E-2
6.6248E+2	1.9343E-2
6.6271E+2	1.5983E-2
6.6293E+2	1.4891E-2
6.6315E+2	2.0059E-2
6.6338E+2	1.1729E-2
6.6360E+2	1.9019E-2
6.6383E+2	1.5222E-2
6.6405E+2	2.0519E-2
6.6427E+2	1.7458E-2
6.6450E+2	1.6980E-2
6.6472E+2	2.0398E-2
6.6494E+2	1.9450E-2
6.6517E+2	1.7184E-2
6.6539E+2	1.4982E-2
6.6562E+2	1.8615E-2
6.6584E+2	1.9109E-2
6.6606E+2	1.7391E-2
6.6629E+2	1.6672E-2
6.6651E+2	1.7424E-2
6.6673E+2	1.5826E-2
6.6696E+2	1.9792E-2
6.6718E+2	1.6729E-2
6.6740E+2	1.5788E-2
6.6763E+2	2.1099E-2
6.6785E+2	1.5986E-2
6.6807E+2	1.7601E-2
6.6830E+2	1.4925E-2
6.6852E+2	2.1488E-2
6.6874E+2	1.9795E-2
6.6897E+2	1.7516E-2
6.6919E+2	1.7855E-2
6.6941E+2	1.7803E-2
6.6964E+2	1.6228E-2
6.6986E+2	1.7944E-2
6.7008E+2	1.6375E-2
6.7031E+2	1.6103E-2
6.7053E+2	1.7179E-2
6.7075E+2	1.4468E-2
6.7098E+2	1.8261E-2
6.7120E+2	1.7672E-2
6.7142E+2	1.9337E-2
6.7165E+2	1.4687E-2
6.7187E+2	1.8783E-2
6.7209E+2	1.3798E-2
6.7232E+2	2.0005E-2
6.7254E+2	1.4293E-2
6.7276E+2	1.7072E-2
6.7298E+2	1.7812E-2
6.7321E+2	1.7178E-2
6.7343E+2	1.3336E-2
6.7365E+2	1.3509E-2
6.7388E+2	1.8019E-2
6.7410E+2	2.0583E-2
6.7432E+2	2.2201E-2
6.7455E+2	1.8410E-2
6.7477E+2	1.7960E-2
6.7499E+2	1.6128E-2
6.7521E+2	1.7545E-2
6.7544E+2	1.6179E-2
6.7566E+2	1.6718E-2
6.7588E+2	1.4028E-2
6.7611E+2	1.5061E-2
6.7633E+2	1.7200E-2
6.7655E+2	1.8599E-2
6.7677E+2	1.5790E-2
6.7700E+2	1.5840E-2
6.7722E+2	1.9880E-2
6.7744E+2	2.1044E-2
6.7766E+2	1.8196E-2
6.7789E+2	1.6151E-2
6.7811E+2	1.6309E-2
6.7833E+2	2.1442E-2
6.7856E+2	2.0091E-2
6.7878E+2	1.7138E-2
6.7900E+2	2.0721E-2
6.7922E+2	2.0264E-2
6.7945E+2	2.0381E-2
6.7967E+2	1.9398E-2
6.7989E+2	1.2635E-2
6.8011E+2	2.4277E-2
6.8034E+2	1.8937E-2
6.8056E+2	2.1703E-2
6.8078E+2	1.6827E-2
6.8100E+2	1.8508E-2
6.8123E+2	2.1915E-2
6.8145E+2	2.3557E-2
6.8167E+2	2.1333E-2
6.8189E+2	1.9297E-2
6.8212E+2	1.9231E-2
6.8234E+2	1.7655E-2
6.8256E+2	2.0328E-2
6.8278E+2	2.2325E-2
6.8300E+2	2.1511E-2
6.8323E+2	1.8542E-2
6.8345E+2	2.0647E-2
6.8367E+2	1.9922E-2
6.8389E+2	2.1783E-2
6.8412E+2	1.8709E-2
6.8434E+2	1.5880E-2
6.8456E+2	2.3982E-2
6.8478E+2	2.3395E-2
6.8500E+2	1.7833E-2
6.8523E+2	1.7544E-2
6.8545E+2	2.5870E-2
6.8567E+2	1.7477E-2
6.8589E+2	2.2101E-2
6.8611E+2	2.2564E-2
6.8634E+2	2.0328E-2
6.8656E+2	2.0396E-2
6.8678E+2	1.9766E-2
6.8700E+2	2.5252E-2
6.8722E+2	2.0367E-2
6.8745E+2	2.4553E-2
6.8767E+2	2.1665E-2
6.8789E+2	2.3745E-2
6.8811E+2	2.0520E-2
6.8833E+2	2.0634E-2
6.8856E+2	2.2482E-2
6.8878E+2	2.4582E-2
6.8900E+2	2.0813E-2
6.8922E+2	2.6667E-2
6.8944E+2	2.6580E-2
6.8966E+2	2.4820E-2
6.8989E+2	1.9933E-2
6.9011E+2	2.2007E-2
6.9033E+2	2.4474E-2
6.9055E+2	2.5912E-2
6.9077E+2	2.5715E-2
6.9099E+2	2.3850E-2
6.9122E+2	1.9443E-2
6.9144E+2	2.6618E-2
6.9166E+2	2.6631E-2
6.9188E+2	2.7457E-2
6.9210E+2	2.6306E-2
6.9232E+2	2.6273E-2
6.9255E+2	2.4383E-2
6.9277E+2	2.7436E-2
6.9299E+2	3.1576E-2
6.9321E+2	2.8597E-2
6.9343E+2	2.9295E-2
6.9365E+2	2.7848E-2
6.9387E+2	2.5601E-2
6.9410E+2	3.1414E-2
6.9432E+2	3.0458E-2
6.9454E+2	2.9147E-2
6.9476E+2	2.8973E-2
6.9498E+2	3.2246E-2
6.9520E+2	2.9204E-2
6.9542E+2	2.9211E-2
6.9565E+2	3.3801E-2
6.9587E+2	2.8535E-2
6.9609E+2	3.4064E-2
6.9631E+2	2.9286E-2
6.9653E+2	3.3089E-2
6.9675E+2	3.4018E-2
6.9697E+2	3.3466E-2
6.9719E+2	3.4629E-2
6.9742E+2	3.1848E-2
6.9764E+2	3.4105E-2
6.9786E+2	3.2837E-2
6.9808E+2	2.7963E-2
6.9830E+2	3.1909E-2
6.9852E+2	3.5228E-2
6.9874E+2	3.3068E-2
6.9896E+2	3.7478E-2
6.9918E+2	3.2688E-2
6.9941E+2	3.6405E-2
6.9963E+2	3.7792E-2
6.9985E+2	3.6659E-2
7.0007E+2	3.5958E-2
7.0029E+2	4.1706E-2
7.0051E+2	4.0222E-2
7.0073E+2	3.9328E-2
7.0095E+2	4.0926E-2
7.0117E+2	4.4171E-2
7.0139E+2	4.0820E-2
7.0161E+2	4.1844E-2
7.0184E+2	4.3154E-2
7.0206E+2	4.2863E-2
7.0228E+2	4.2184E-2
7.0250E+2	4.1687E-2
7.0272E+2	4.2037E-2
7.0294E+2	4.6010E-2
7.0316E+2	4.3113E-2
7.0338E+2	4.6242E-2
7.0360E+2	4.6334E-2
7.0382E+2	4.7891E-2
7.0404E+2	4.6012E-2
7.0426E+2	4.8931E-2
7.0448E+2	4.8692E-2
7.0470E+2	5.0443E-2
7.0492E+2	4.8915E-2
7.0515E+2	4.9788E-2
7.0537E+2	5.0533E-2
7.0559E+2	5.2959E-2
7.0581E+2	5.3156E-2
7.0603E+2	5.7421E-2
7.0625E+2	5.5404E-2
7.0647E+2	4.9817E-2
7.0669E+2	6.0991E-2
7.0691E+2	5.4380E-2
7.0713E+2	6.0702E-2
7.0735E+2	6.0523E-2
7.0757E+2	6.2102E-2
7.0779E+2	6.0904E-2
7.0801E+2	5.8743E-2
7.0823E+2	5.9082E-2
7.0845E+2	6.1157E-2
7.0867E+2	6.1084E-2
7.0889E+2	6.8977E-2
7.0911E+2	7.0034E-2
7.0933E+2	6.8909E-2
7.0955E+2	7.1265E-2
7.0977E+2	6.9155E-2
7.0999E+2	6.4700E-2
7.1021E+2	6.8209E-2
7.1043E+2	7.2507E-2
7.1065E+2	7.1579E-2
7.1087E+2	7.1691E-2
7.1109E+2	7.3423E-2
7.1131E+2	7.4521E-2
7.1153E+2	7.8594E-2
7.1175E+2	8.1365E-2
7.1197E+2	7.8650E-2
7.1219E+2	8.1330E-2
7.1241E+2	8.5805E-2
7.1263E+2	8.5024E-2
7.1285E+2	8.9557E-2
7.1307E+2	9.0675E-2
7.1329E+2	8.5705E-2
7.1351E+2	9.2933E-2
7.1373E+2	9.6407E-2
7.1395E+2	9.7561E-2
7.1417E+2	9.5191E-2
7.1439E+2	9.6780E-2
7.1461E+2	9.9588E-2
7.1483E+2	9.9079E-2
7.1505E+2	9.9404E-2
7.1527E+2	1.0244E-1
7.1549E+2	9.6624E-2
7.1571E+2	1.0649E-1
7.1593E+2	1.0327E-1
7.1615E+2	1.0923E-1
7.1637E+2	1.1263E-1
7.1659E+2	1.1088E-1
7.1681E+2	1.1317E-1
7.1703E+2	1.1441E-1
7.1725E+2	1.1637E-1
7.1747E+2	1.1512E-1
7.1769E+2	1.2350E-1
7.1791E+2	1.2997E-1
7.1813E+2	1.2548E-1
7.1835E+2	1.2559E-1
7.1857E+2	1.3305E-1
7.1879E+2	1.3990E-1
7.1901E+2	1.3189E-1
7.1923E+2	1.3654E-1
7.1944E+2	1.4051E-1
7.1966E+2	1.3828E-1
7.1988E+2	1.4508E-1
7.2010E+2	1.3905E-1
7.2032E+2	1.4986E-1
7.2054E+2	1.5063E-1
7.2076E+2	1.4996E-1
7.2098E+2	1.5856E-1
7.2120E+2	1.5332E-1
7.2142E+2	1.5724E-1
7.2164E+2	1.6024E-1
7.2186E+2	1.6284E-1
7.2208E+2	1.7348E-1
7.2230E+2	1.6476E-1
7.2252E+2	1.7727E-1
7.2273E+2	1.7787E-1
7.2295E+2	1.8122E-1
7.2317E+2	1.8400E-1
7.2339E+2	1.8440E-1
7.2361E+2	1.9409E-1
7.2383E+2	1.8772E-1
7.2405E+2	1.9611E-1
7.2427E+2	1.9538E-1
7.2449E+2	1.9710E-1
7.2471E+2	1.9850E-1
7.2493E+2	2.0250E-1
7.2514E+2	2.0001E-1
7.2536E+2	2.1163E-1
7.2558E+2	2.0955E-1
7.2580E+2	2.1825E-1
7.2602E+2	2.2315E-1
7.2624E+2	2.1722E-1
7.2646E+2	2.2611E-1
7.2668E+2	2.2802E-1
7.2690E+2	2.3439E-1
7.2711E+2	2.4120E-1
7.2733E+2	2.5150E-1
7.2755E+2	2.4969E-1
7.2777E+2	2.5296E-1
7.2799E+2	2.6373E-1
7.2821E+2	2.6825E-1
7.2843E+2	2.7022E-1
7.2865E+2	2.6801E-1
7.2886E+2	2.8185E-1
7.2908E+2	2.7679E-1
7.2930E+2	2.8777E-1
7.2952E+2	2.8709E-1
7.2974E+2	2.9224E-1
7.2996E+2	2.8740E-1
7.3018E+2	2.9573E-1
7.3039E+2	3.0645E-1
7.3061E+2	3.0997E-1
7.3083E+2	3.1241E-1
7.3105E+2	3.1719E-1
7.3127E+2	3.2254E-1
7.3149E+2	3.2636E-1
7.3171E+2	3.3634E-1
7.3192E+2	3.4416E-1
7.3214E+2	3.4922E-1
7.3236E+2	3.5633E-1
7.3258E+2	3.6053E-1
7.3280E+2	3.5862E-1
7.3302E+2	3.6681E-1
7.3323E+2	3.7357E-1
7.3345E+2	3.8760E-1
7.3367E+2	3.8918E-1
7.3389E+2	3.9319E-1
7.3411E+2	4.0143E-1
7.3433E+2	3.9880E-1
7.3454E+2	4.0445E-1
7.3476E+2	4.1582E-1
7.3498E+2	4.2356E-1
7.3520E+2	4.2900E-1
7.3542E+2	4.2575E-1
7.3564E+2	4.4762E-1
7.3585E+2	4.4504E-1
7.3607E+2	4.5725E-1
7.3629E+2	4.6138E-1
7.3651E+2	4.7121E-1
7.3673E+2	4.8315E-1
7.3694E+2	4.8849E-1
7.3716E+2	4.9680E-1
7.3738E+2	5.0398E-1
7.3760E+2	5.2032E-1
7.3782E+2	5.2242E-1
7.3803E+2	5.3816E-1
7.3825E+2	5.3667E-1
7.3847E+2	5.4788E-1
7.3869E+2	5.5738E-1
7.3891E+2	5.5884E-1
7.3912E+2	5.7503E-1
7.3934E+2	5.6726E-1
7.3956E+2	5.8231E-1
7.3978E+2	5.9103E-1
7.4000E+2	5.9406E-1
7.4021E+2	5.9353E-1
7.4043E+2	6.0889E-1
7.4065E+2	6.2107E-1
7.4087E+2	6.3799E-1
7.4108E+2	6.5356E-1
7.4130E+2	6.5151E-1
7.4152E+2	6.6822E-1
7.4174E+2	6.7678E-1
7.4196E+2	6.9402E-1
7.4217E+2	7.0268E-1
7.4239E+2	7.3230E-1
7.4261E+2	7.2647E-1
7.4283E+2	7.3798E-1
7.4304E+2	7.4127E-1
7.4326E+2	7.6625E-1
7.4348E+2	7.6489E-1
7.4370E+2	7.8354E-1
7.4391E+2	7.8206E-1
7.4413E+2	7.9921E-1
7.4435E+2	8.1707E-1
7.4457E+2	8.1702E-1
7.4478E+2	8.2185E-1
7.4500E+2	8.4881E-1
7.4522E+2	8.4270E-1
7.4544E+2	8.6993E-1
7.4565E+2	8.7274E-1
7.4587E+2	8.9056E-1
7.4609E+2	9.0329E-1
7.4631E+2	9.2421E-1
7.4652E+2	9.3548E-1
7.4674E+2	9.5033E-1
7.4696E+2	9.5862E-1
7.4717E+2	9.8512E-1
7.4739E+2	1.0030E+0
7.4761E+2	1.0097E+0
7.4783E+2	1.0268E+0
7.4804E+2	1.0478E+0
7.4826E+2	1.0598E+0
7.4848E+2	1.0747E+0
7.4869E+2	1.0948E+0
7.4891E+2	1.1050E+0
7.4913E+2	1.1098E+0
7.4935E+2	1.1255E+0
7.4956E+2	1.1339E+0
7.4978E+2	1.1417E+0
7.5000E+2	1.1552E+0
7.5021E+2	1.1724E+0
7.5043E+2	1.1891E+0
7.5065E+2	1.2123E+0
7.5087E+2	1.2109E+0
7.5108E+2	1.2427E+0
7.5130E+2	1.2542E+0
7.5152E+2	1.2856E+0
7.5173E+2	1.2891E+0
7.5195E+2	1.3303E+0
7.5217E+2	1.3266E+0
7.5238E+2	1.3526E+0
7.5260E+2	1.3691E+0
7.5282E+2	1.3983E+0
7.5303E+2	1.4116E+0
7.5325E+2	1.4103E+0
7.5347E+2	1.4507E+0
7.5368E+2	1.4517E+0
7.5390E+2	1.4579E+0
7.5412E+2	1.4972E+0
7.5433E+2	1.5026E+0
7.5455E+2	1.5109E+0
7.5477E+2	1.5365E+0
7.5498E+2	1.5562E+0
7.5520E+2	1.5580E+0
7.5542E+2	1.5721E+0
7.5563E+2	1.5937E+0
7.5585E+2	1.6090E+0
7.5607E+2	1.6388E+0
7.5628E+2	1.6283E+0
7.5650E+2	1.6428E+0
7.5672E+2	1.6720E+0
7.5693E+2	1.6956E+0
7.5715E+2	1.7261E+0
7.5737E+2	1.7438E+0
7.5758E+2	1.7679E+0
7.5780E+2	1.7847E+0
7.5802E+2	1.8129E+0
7.5823E+2	1.8153E+0
7.5845E+2	1.8439E+0
7.5866E+2	1.8406E+0
7.5888E+2	1.8560E+0
7.5910E+2	1.8772E+0
7.5931E+2	1.9017E+0
7.5953E+2	1.9230E+0
7.5975E+2	1.9226E+0
7.5996E+2	1.9266E+0
7.6018E+2	1.9380E+0
7.6040E+2	1.9474E+0
7.6061E+2	1.9676E+0
7.6083E+2	1.9823E+0
7.6104E+2	1.9901E+0
7.6126E+2	2.0012E+0
7.6148E+2	2.0205E+0
7.6169E+2	2.0354E+0
7.6191E+2	2.0381E+0
7.6212E+2	2.0632E+0
7.6234E+2	2.0854E+0
7.6256E+2	2.1100E+0
7.6277E+2	2.1301E+0
7.6299E+2	2.1487E+0
7.6320E+2	2.1672E+0
7.6342E+2	2.1864E+0
7.6364E+2	2.2018E+0
7.6385E+2	2.2241E+0
7.6407E+2	2.2275E+0
7.6428E+2	2.2479E+0
7.6450E+2	2.2595E+0
7.6472E+2	2.2684E+0
7.6493E+2	2.2539E+0
7.6515E+2	2.2670E+0
7.6536E+2	2.2559E+0
7.6558E+2	2.2766E+0
7.6579E+2	2.2847E+0
7.6601E+2	2.2814E+0
7.6623E+2	2.2831E+0
7.6644E+2	2.2946E+0
7.6666E+2	2.2939E+0
7.6687E+2	2.3030E+0
7.6709E+2	2.3225E+0
7.6730E+2	2.3255E+0
7.6752E+2	2.3505E+0
7.6774E+2	2.3600E+0
7.6795E+2	2.3659E+0
7.6817E+2	2.3779E+0
7.6838E+2	2.3873E+0
7.6860E+2	2.4208E+0
7.6881E+2	2.4162E+0
7.6903E+2	2.4254E+0
7.6925E+2	2.4365E+0
7.6946E+2	2.4516E+0
7.6968E+2	2.4613E+0
7.6989E+2	2.4588E+0
7.7011E+2	2.4708E+0
7.7032E+2	2.4663E+0
7.7054E+2	2.4490E+0
7.7075E+2	2.4569E+0
7.7097E+2	2.4662E+0
7.7118E+2	2.4573E+0
7.7140E+2	2.4644E+0
7.7161E+2	2.4287E+0
7.7183E+2	2.4338E+0
7.7205E+2	2.4318E+0
7.7226E+2	2.4436E+0
7.7248E+2	2.4442E+0
7.7269E+2	2.4414E+0
7.7291E+2	2.4377E+0
7.7312E+2	2.4410E+0
7.7334E+2	2.4540E+0
7.7355E+2	2.4452E+0
7.7377E+2	2.4613E+0
7.7398E+2	2.4795E+0
7.7420E+2	2.4682E+0
7.7441E+2	2.4953E+0
7.7463E+2	2.4997E+0
7.7484E+2	2.5005E+0
7.7506E+2	2.5194E+0
7.7527E+2	2.5142E+0
7.7549E+2	2.4993E+0
7.7570E+2	2.4956E+0
7.7592E+2	2.4995E+0
7.7613E+2	2.4887E+0
7.7635E+2	2.4714E+0
7.7656E+2	2.4586E+0
7.7678E+2	2.4579E+0
7.7699E+2	2.4311E+0
7.7721E+2	2.4273E+0
7.7742E+2	2.3972E+0
7.7764E+2	2.3970E+0
7.7785E+2	2.3829E+0
7.7807E+2	2.3648E+0
7.7828E+2	2.3470E+0
7.7850E+2	2.3477E+0
7.7871E+2	2.3325E+0
7.7893E+2	2.3513E+0
7.7914E+2	2.3550E+0
7.7936E+2	2.3409E+0
7.7957E+2	2.3342E+0
7.7978E+2	2.3327E+0
7.8000E+2	2.3287E+0
7.8021E+2	2.3199E+0
7.8043E+2	2.3221E+0
7.8064E+2	2.3175E+0
7.8086E+2	2.3233E+0
7.8107E+2	2.2983E+0
7.8129E+2	2.2910E+0
7.8150E+2	2.2804E+0
7.8172E+2	2.2771E+0
7.8193E+2	2.2437E+0
7.8214E+2	2.2380E+0
7.8236E+2	2.2197E+0
7.8257E+2	2.2013E+0
7.8279E+2	2.1904E+0
7.8300E+2	2.1679E+0
7.8322E+2	2.1517E+0
7.8343E+2	2.1476E+0
7.8365E+2	2.1327E+0
7.8386E+2	2.1203E+0
7.8407E+2	2.1091E+0
7.8429E+2	2.0932E+0
7.8450E+2	2.0820E+0
7.8472E+2	2.0737E+0
7.8493E+2	2.0650E+0
7.8515E+2	2.0655E+0
7.8536E+2	2.0624E+0
7.8557E+2	2.0436E+0
7.8579E+2	2.0415E+0
7.8600E+2	2.0390E+0
7.8622E+2	2.0194E+0
7.8643E+2	2.0118E+0
7.8665E+2	2.0118E+0
7.8686E+2	1.9928E+0
7.8707E+2	1.9810E+0
7.8729E+2	1.9635E+0
7.8750E+2	1.9564E+0
7.8772E+2	1.9273E+0
7.8793E+2	1.9220E+0
7.8814E+2	1.8908E+0
7.8836E+2	1.8757E+0
7.8857E+2	1.8592E+0
7.8879E+2	1.8437E+0
7.8900E+2	1.8263E+0
7.8921E+2	1.8198E+0
7.8943E+2	1.8003E+0
7.8964E+2	1.7824E+0
7.8985E+2	1.7569E+0
7.9007E+2	1.7364E+0
7.9028E+2	1.7366E+0
7.9050E+2	1.7159E+0
7.9071E+2	1.7027E+0
7.9092E+2	1.6900E+0
7.9114E+2	1.6825E+0
7.9135E+2	1.6766E+0
7.9157E+2	1.6666E+0
7.9178E+2	1.6578E+0
7.9199E+2	1.6499E+0
7.9221E+2	1.6421E+0
7.9242E+2	1.6389E+0
7.9263E+2	1.6317E+0
7.9285E+2	1.6178E+0
7.9306E+2	1.5718E+0
7.9327E+2	1.5785E+0
7.9349E+2	1.5546E+0
7.9370E+2	1.5388E+0
7.9392E+2	1.5186E+0
7.9413E+2	1.5089E+0
7.9434E+2	1.4853E+0
7.9456E+2	1.4668E+0
7.9477E+2	1.4482E+0
7.9498E+2	1.4311E+0
7.9520E+2	1.4124E+0
7.9541E+2	1.3993E+0
7.9562E+2	1.3752E+0
7.9584E+2	1.3621E+0
7.9605E+2	1.3391E+0
7.9626E+2	1.3283E+0
7.9648E+2	1.3063E+0
7.9669E+2	1.3047E+0
7.9690E+2	1.2950E+0
7.9712E+2	1.2774E+0
7.9733E+2	1.2638E+0
7.9754E+2	1.2541E+0
7.9776E+2	1.2411E+0
7.9797E+2	1.2303E+0
7.9818E+2	1.2176E+0
7.9840E+2	1.2160E+0
7.9861E+2	1.2059E+0
7.9882E+2	1.1977E+0
7.9904E+2	1.1736E+0
7.9925E+2	1.1707E+0
7.9946E+2	1.1456E+0
7.9967E+2	1.1330E+0
7.9989E+2	1.1214E+0
8.0010E+2	1.1005E+0
8.0031E+2	1.0724E+0
8.0053E+2	1.0625E+0
8.0074E+2	1.0446E+0
8.0095E+2	1.0336E+0
8.0117E+2	1.0218E+0
8.0138E+2	9.9280E-1
8.0159E+2	9.8778E-1
8.0180E+2	9.8210E-1
8.0202E+2	9.5664E-1
8.0223E+2	9.4516E-1
8.0244E+2	9.4565E-1
8.0266E+2	9.3156E-1
8.0287E+2	9.0599E-1
8.0308E+2	9.0785E-1
8.0329E+2	9.0073E-1
8.0351E+2	8.9013E-1
8.0372E+2	8.7759E-1
8.0393E+2	8.7119E-1
8.0415E+2	8.5682E-1
8.0436E+2	8.4285E-1
8.0457E+2	8.4036E-1
8.0478E+2	8.3420E-1
8.0500E+2	8.1605E-1
8.0521E+2	8.0230E-1
8.0542E+2	8.0423E-1
8.0563E+2	7.8819E-1
8.0585E+2	7.7881E-1
8.0606E+2	7.6378E-1
8.0627E+2	7.5034E-1
8.0648E+2	7.3435E-1
8.0670E+2	7.2494E-1
8.0691E+2	7.1835E-1
8.0712E+2	6.9428E-1
8.0733E+2	6.9067E-1
8.0755E+2	6.7067E-1
8.0776E+2	6.5695E-1
8.0797E+2	6.5156E-1
8.0818E+2	6.4345E-1
8.0840E+2	6.3572E-1
8.0861E+2	6.1523E-1
8.0882E+2	6.1696E-1
8.0903E+2	6.0564E-1
8.0925E+2	5.9568E-1
8.0946E+2	5.9578E-1
8.0967E+2	5.8264E-1
8.0988E+2	5.6879E-1
8.1009E+2	5.6813E-1
8.1031E+2	5.6464E-1
8.1052E+2	5.5140E-1
8.1073E+2	5.5834E-1
8.1094E+2	5.4813E-1
8.1116E+2	5.2919E-1
8.1137E+2	5.3000E-1
8.1158E+2	5.1154E-1
8.1179E+2	5.1095E-1
8.1200E+2	5.0298E-1
8.1222E+2	4.9099E-1
8.1243E+2	4.8803E-1
8.1264E+2	4.7056E-1
8.1285E+2	4.6281E-1
8.1306E+2	4.5694E-1
8.1328E+2	4.4910E-1
8.1349E+2	4.3351E-1
8.1370E+2	4.2941E-1
8.1391E+2	4.2409E-1
8.1412E+2	4.1615E-1
8.1434E+2	4.0467E-1
8.1455E+2	4.0157E-1
8.1476E+2	3.9615E-1
8.1497E+2	3.9272E-1
8.1518E+2	3.7973E-1
8.1540E+2	3.7887E-1
8.1561E+2	3.7049E-1
8.1582E+2	3.6472E-1
8.1603E+2	3.6521E-1
8.1624E+2	3.6426E-1
8.1645E+2	3.5110E-1
8.1667E+2	3.4541E-1
8.1688E+2	3.4265E-1
8.1709E+2	3.3757E-1
8.1730E+2	3.3649E-1
8.1751E+2	3.3228E-1
8.1772E+2	3.2675E-1
8.1794E+2	3.1104E-1
8.1815E+2	3.1245E-1
8.1836E+2	3.1200E-1
8.1857E+2	3.0469E-1
8.1878E+2	2.9710E-1
8.1899E+2	2.9274E-1
8.1921E+2	2.8881E-1
8.1942E+2	2.8179E-1
8.1963E+2	2.8249E-1
8.1984E+2	2.6900E-1
8.2005E+2	2.6547E-1
8.2026E+2	2.6383E-1
8.2047E+2	2.5260E-1
8.2069E+2	2.5382E-1
8.2090E+2	2.4406E-1
8.2111E+2	2.4040E-1
8.2132E+2	2.3894E-1
8.2153E+2	2.3893E-1
8.2174E+2	2.3308E-1
8.2195E+2	2.2899E-1
8.2216E+2	2.2542E-1
8.2238E+2	2.2275E-1
8.2259E+2	2.1940E-1
8.2280E+2	2.1550E-1
8.2301E+2	2.2154E-1
8.2322E+2	2.2530E-1
8.2343E+2	2.1520E-1
8.2364E+2	2.1250E-1
8.2385E+2	2.0596E-1
8.2407E+2	2.0348E-1
8.2428E+2	2.0253E-1
8.2449E+2	1.9437E-1
8.2470E+2	1.9153E-1
8.2491E+2	1.8657E-1
8.2512E+2	1.8214E-1
8.2533E+2	1.7833E-1
8.2554E+2	1.7792E-1
8.2575E+2	1.7008E-1
8.2596E+2	1.6997E-1
8.2618E+2	1.6511E-1
8.2639E+2	1.6381E-1
8.2660E+2	1.6028E-1
8.2681E+2	1.6022E-1
8.2702E+2	1.5483E-1
8.2723E+2	1.5646E-1
8.2744E+2	1.4921E-1
8.2765E+2	1.4307E-1
8.2786E+2	1.4480E-1
8.2807E+2	1.3988E-1
8.2828E+2	1.3770E-1
8.2849E+2	1.4259E-1
8.2871E+2	1.3691E-1
8.2892E+2	1.3456E-1
8.2913E+2	1.3158E-1
8.2934E+2	1.3241E-1
8.2955E+2	1.2685E-1
8.2976E+2	1.2506E-1
8.2997E+2	1.2616E-1
8.3018E+2	1.2436E-1
8.3039E+2	1.2099E-1
8.3060E+2	1.2156E-1
8.3081E+2	1.1505E-1
8.3102E+2	1.1587E-1
8.3123E+2	1.1094E-1
8.3144E+2	1.1531E-1
8.3165E+2	1.1304E-1
8.3186E+2	1.0758E-1
8.3208E+2	1.0708E-1
8.3229E+2	1.0767E-1
8.3250E+2	9.9938E-2
8.3271E+2	9.9107E-2
8.3292E+2	1.0071E-1
8.3313E+2	1.0037E-1
8.3334E+2	9.6567E-2
8.3355E+2	9.5766E-2
8.3376E+2	9.4316E-2
8.3397E+2	8.7465E-2
8.3418E+2	8.7502E-2
8.3439E+2	8.7498E-2
8.3460E+2	8.4850E-2
8.3481E+2	8.7909E-2
8.3502E+2	8.1777E-2
8.3523E+2	8.3099E-2
8.3544E+2	8.1001E-2
8.3565E+2	8.0974E-2
8.3586E+2	7.9658E-2
8.3607E+2	7.9502E-2
8.3628E+2	7.9426E-2
8.3649E+2	7.3834E-2
8.3670E+2	7.4750E-2
8.3691E+2	7.4340E-2
8.3712E+2	7.2152E-2
8.3733E+2	7.1076E-2
8.3754E+2	7.2953E-2
8.3775E+2	7.3429E-2
8.3796E+2	7.0300E-2
8.3817E+2	6.7575E-2
8.3838E+2	6.9382E-2
8.3859E+2	6.4029E-2
8.3880E+2	6.7304E-2
8.3901E+2	6.3663E-2
8.3922E+2	6.3951E-2
8.3943E+2	6.3070E-2
8.3964E+2	6.0931E-2
8.3985E+2	5.8493E-2
8.4006E+2	6.3497E-2
8.4027E+2	6.1605E-2
8.4048E+2	5.7640E-2
8.4069E+2	5.5771E-2
8.4090E+2	5.4432E-2
8.4111E+2	5.4510E-2
8.4132E+2	5.3114E-2
8.4153E+2	5.2892E-2
8.4174E+2	5.2514E-2
8.4195E+2	5.2739E-2
8.4216E+2	5.0951E-2
8.4237E+2	4.9749E-2
8.4258E+2	5.1774E-2
8.4279E+2	4.4981E-2
8.4300E+2	4.9602E-2
8.4321E+2	4.6479E-2
8.4342E+2	4.6142E-2
8.4362E+2	4.7395E-2
8.4383E+2	4.4134E-2
8.4404E+2	4.7155E-2
8.4425E+2	4.3426E-2
8.4446E+2	4.6156E-2
8.4467E+2	4.5669E-2
8.4488E+2	4.2316E-2
8.4509E+2	4.3725E-2
8.4530E+2	4.1755E-2
8.4551E+2	4.2991E-2
8.4572E+2	4.0375E-2
8.4593E+2	3.8740E-2
8.4614E+2	4.1604E-2
8.4635E+2	3.7938E-2
8.4656E+2	4.0853E-2
8.4677E+2	3.7917E-2
8.4697E+2	3.7573E-2
8.4718E+2	3.6174E-2
8.4739E+2	3.7815E-2
8.4760E+2	3.8129E-2
8.4781E+2	3.7139E-2
8.4802E+2	3.7114E-2
8.4823E+2	3.5530E-2
8.4844E+2	3.4279E-2
8.4865E+2	3.2584E-2
8.4886E+2	3.0760E-2
8.4907E+2	3.3206E-2
8.4928E+2	3.3019E-2
8.4948E+2	3.3039E-2
8.4969E+2	3.0940E-2
8.4990E+2	3.1479E-2
8.5011E+2	3.2799E-2
8.5032E+2	2.9671E-2
8.5053E+2	3.1186E-2
8.5074E+2	2.9606E-2
8.5095E+2	2.8688E-2
8.5116E+2	2.9062E-2
8.5137E+2	2.9986E-2
8.5157E+2	2.9970E-2
8.5178E+2	2.8448E-2
8.5199E+2	2.8110E-2
8.5220E+2	2.8693E-2
8.5241E+2	2.9597E-2
8.5262E+2	2.6029E-2
8.5283E+2	2.6773E-2
8.5304E+2	2.6155E-2
8.5324E+2	2.6667E-2
8.5345E+2	2.6651E-2
8.5366E+2	2.5942E-2
8.5387E+2	2.5832E-2
8.5408E+2	2.3330E-2
8.5429E+2	2.4157E-2
8.5450E+2	2.2984E-2
8.5471E+2	2.3605E-2
8.5491E+2	2.5151E-2
8.5512E+2	2.5010E-2
8.5533E+2	2.3488E-2
8.5554E+2	2.3981E-2
8.5575E+2	2.4556E-2
8.5596E+2	2.1605E-2
8.5617E+2	2.2650E-2
8.5637E+2	1.9703E-2
8.5658E+2	2.2727E-2
8.5679E+2	2.2490E-2
8.5700E+2	2.1828E-2
8.5721E+2	2.1533E-2
8.5742E+2	2.1066E-2
8.5762E+2	2.2003E-2
8.5783E+2	2.0794E-2
8.5804E+2	1.9686E-2
8.5825E+2	1.9606E-2
8.5846E+2	1.9744E-2
8.5867E+2	1.8764E-2
8.5887E+2	1.9206E-2
8.5908E+2	2.1318E-2
8.5929E+2	1.9866E-2
8.5950E+2	1.8895E-2
8.5971E+2	1.8234E-2
8.5992E+2	1.8507E-2
8.6012E+2	1.9015E-2
8.6033E+2	1.7245E-2
8.6054E+2	1.9705E-2
8.6075E+2	1.7511E-2
8.6096E+2	1.8667E-2
8.6116E+2	1.7151E-2
8.6137E+2	1.6060E-2
8.6158E+2	1.6838E-2
8.6179E+2	1.8742E-2
8.6200E+2	1.5398E-2
8.6220E+2	1.8567E-2
8.6241E+2	1.7181E-2
8.6262E+2	1.4521E-2
8.6283E+2	1.8956E-2
8.6304E+2	1.7096E-2
8.6324E+2	1.7244E-2
8.6345E+2	1.3459E-2
8.6366E+2	1.5778E-2
8.6387E+2	1.6597E-2
8.6408E+2	1.5720E-2
8.6428E+2	1.3972E-2
8.6449E+2	1.6177E-2
8.6470E+2	1.4408E-2
8.6491E+2	1.5417E-2
8.6511E+2	1.4744E-2
8.6532E+2	1.4689E-2
8.6553E+2	1.6631E-2
8.6574E+2	1.5996E-2
8.6595E+2	1.2795E-2
8.6615E+2	1.4299E-2
8.6636E+2	1.6883E-2
8.6657E+2	1.5003E-2
8.6678E+2	1.3089E-2
8.6698E+2	1.4735E-2
8.6719E+2	1.3774E-2
8.6740E+2	1.3727E-2
8.6761E+2	1.4589E-2
8.6781E+2	1.5025E-2
8.6802E+2	1.4349E-2
8.6823E+2	1.5102E-2
8.6844E+2	1.4241E-2
8.6864E+2	1.1003E-2
8.6885E+2	1.4378E-2
8.6906E+2	1.3249E-2
8.6927E+2	1.3763E-2
8.6947E+2	1.3598E-2
8.6968E+2	1.0710E-2
8.6989E+2	1.2970E-2
8.7010E+2	1.2318E-2
8.7030E+2	1.3245E-2
8.7051E+2	1.1671E-2
8.7072E+2	1.0330E-2
8.7093E+2	1.2993E-2
8.7113E+2	1.3870E-2
8.7134E+2	1.2064E-2
8.7155E+2	1.2652E-2
8.7175E+2	1.3290E-2
8.7196E+2	1.3661E-2
8.7217E+2	1.0985E-2
8.7238E+2	1.1723E-2
8.7258E+2	1.1934E-2
8.7279E+2	1.3334E-2
8.7300E+2	1.2323E-2
8.7320E+2	1.2837E-2
8.7341E+2	1.1092E-2
8.7362E+2	1.1144E-2
8.7383E+2	9.8567E-3
8.7403E+2	1.1580E-2
8.7424E+2	1.0561E-2
8.7445E+2	1.2595E-2
8.7465E+2	1.0714E-2
8.7486E+2	1.0826E-2
8.7507E+2	1.3379E-2
8.7527E+2	9.6900E-3
8.7548E+2	1.0857E-2
8.7569E+2	1.0805E-2
8.7590E+2	1.0303E-2
8.7610E+2	1.0309E-2
8.7631E+2	1.0790E-2
8.7652E+2	1.0085E-2
8.7672E+2	1.0634E-2
8.7693E+2	1.1971E-2
8.7714E+2	9.7192E-3
8.7734E+2	1.0561E-2
8.7755E+2	9.3180E-3
8.7776E+2	1.0139E-2
8.7796E+2	9.9905E-3
8.7817E+2	1.1272E-2
8.7838E+2	9.4526E-3
8.7858E+2	1.0584E-2
8.7879E+2	9.1266E-3
8.7900E+2	1.1309E-2
8.7920E+2	9.1350E-3
8.7941E+2	1.1220E-2
8.7962E+2	1.0047E-2
8.7982E+2	1.1253E-2
8.8003E+2	1.1137E-2
8.8024E+2	8.7703E-3
8.8044E+2	8.5894E-3
8.8065E+2	9.3711E-3
8.8086E+2	1.0083E-2
8.8106E+2	8.6902E-3
8.8127E+2	9.8490E-3
8.8148E+2	1.0737E-2
8.8168E+2	1.0326E-2
8.8189E+2	8.8651E-3
8.8209E+2	9.7775E-3
8.8230E+2	1.0261E-2
8.8251E+2	9.1259E-3
8.8271E+2	9.2374E-3
8.8292E+2	8.1632E-3
8.8313E+2	8.1954E-3
8.8333E+2	8.9249E-3
8.8354E+2	1.1326E-2
8.8374E+2	9.8931E-3
8.8395E+2	9.1810E-3
8.8416E+2	1.0128E-2
8.8436E+2	9.4884E-3
8.8457E+2	1.0558E-2
8.8478E+2	7.3691E-3
8.8498E+2	7.8449E-3
8.8519E+2	8.7737E-3
8.8539E+2	8.9006E-3
8.8560E+2	8.2539E-3
8.8581E+2	8.2042E-3
8.8601E+2	9.8794E-3
8.8622E+2	8.9615E-3
8.8642E+2	1.2250E-2
8.8663E+2	8.4823E-3
8.8684E+2	1.0205E-2
8.8704E+2	9.4920E-3
8.8725E+2	9.8529E-3
8.8745E+2	9.9602E-3
8.8766E+2	9.5790E-3
8.8787E+2	9.4701E-3
8.8807E+2	7.6123E-3
8.8828E+2	9.2563E-3
8.8848E+2	8.9466E-3
8.8869E+2	7.9266E-3
8.8890E+2	9.4366E-3
8.8910E+2	8.0933E-3
8.8931E+2	1.0730E-2
8.8951E+2	8.2217E-3
8.8972E+2	9.8116E-3
8.8992E+2	9.6409E-3
8.9013E+2	9.7489E-3
8.9034E+2	8.1262E-3
8.9054E+2	6.4308E-3
8.9075E+2	9.7975E-3
8.9095E+2	9.0586E-3
8.9116E+2	7.8183E-3
8.9136E+2	8.5590E-3
8.9157E+2	7.9319E-3
8.9177E+2	6.8874E-3
8.9198E+2	8.9014E-3
8.9219E+2	9.6506E-3
8.9239E+2	6.7895E-3
8.9260E+2	9.5581E-3
8.9280E+2	9.2103E-3
8.9301E+2	7.7963E-3
8.9321E+2	8.7201E-3
8.9342E+2	8.8408E-3
8.9362E+2	9.1799E-3
8.9383E+2	8.1521E-3
8.9404E+2	7.3779E-3
8.9424E+2	9.6452E-3
8.9445E+2	8.1519E-3
8.9465E+2	9.3338E-3
8.9486E+2	9.0281E-3
8.9506E+2	7.5590E-3
8.9527E+2	9.7295E-3
8.9547E+2	7.8036E-3
8.9568E+2	7.6843E-3
8.9588E+2	8.7040E-3
8.9609E+2	8.9850E-3
8.9629E+2	9.0708E-3
8.9650E+2	8.6298E-3
8.9670E+2	7.6103E-3
8.9691E+2	8.2318E-3
8.9711E+2	6.7408E-3
8.9732E+2	1.0252E-2
8.9752E+2	9.2011E-3
8.9773E+2	9.9395E-3
8.9793E+2	7.6700E-3
8.9814E+2	8.8739E-3
8.9834E+2	6.4472E-3
8.9855E+2	8.3113E-3
8.9875E+2	5.6518E-3
8.9896E+2	8.9757E-3
8.9916E+2	8.4466E-3
8.9937E+2	7.9327E-3
8.9957E+2	9.1744E-3
8.9978E+2	6.7062E-3
8.9998E+2	7.8665E-3
9.0019E+2	8.3112E-3
9.0039E+2	7.1365E-3
9.0060E+2	6.2676E-3
9.0080E+2	7.4424E-3
9.0101E+2	7.2151E-3
9.0121E+2	6.1591E-3
9.0142E+2	8.5519E-3
9.0162E+2	7.4344E-3
9.0183E+2	8.1769E-3
9.0203E+2	6.6214E-3
9.0224E+2	8.4637E-3
9.0244E+2	8.2110E-3
9.0265E+2	8.9444E-3
9.0285E+2	8.4401E-3
9.0306E+2	7.4984E-3
9.0326E+2	7.4685E-3
9.0346E+2	6.2948E-3
9.0367E+2	8.0154E-3
9.0387E+2	8.5775E-3
9.0408E+2	7.7112E-3
9.0428E+2	7.4843E-3
9.0449E+2	7.1617E-3
9.0469E+2	7.7533E-3
9.0490E+2	7.8208E-3
9.0510E+2	8.4003E-3
9.0531E+2	8.5444E-3
9.0551E+2	7.3969E-3
9.0571E+2	6.1841E-3
9.0592E+2	6.1779E-3
9.0612E+2	7.7676E-3
9.0633E+2	6.4781E-3
9.0653E+2	8.5119E-3
9.0674E+2	7.9820E-3
9.0694E+2	7.8503E-3
9.0714E+2	7.5379E-3
9.0735E+2	6.5945E-3
9.0755E+2	8.1260E-3
9.0776E+2	7.4950E-3
9.0796E+2	6.7538E-3
9.0817E+2	8.8611E-3
9.0837E+2	7.3205E-3
9.0857E+2	7.6053E-3
9.0878E+2	7.4277E-3
9.0898E+2	7.6666E-3
9.0919E+2	6.3771E-3
9.0939E+2	7.9637E-3
9.0959E+2	5.8533E-3
9.0980E+2	6.8090E-3
9.1000E+2	8.3190E-3
9.1021E+2	8.8030E-3
9.1041E+2	7.4675E-3
9.1061E+2	7.8014E-3
9.1082E+2	9.2502E-3
9.1102E+2	7.2531E-3
9.1123E+2	7.6758E-3
9.1143E+2	7.6544E-3
9.1163E+2	8.1720E-3
9.1184E+2	8.9163E-3
9.1204E+2	7.5533E-3
9.1225E+2	8.4538E-3
9.1245E+2	8.9746E-3
9.1265E+2	1.0175E-2
9.1286E+2	8.2211E-3
9.1306E+2	6.1321E-3
9.1327E+2	7.5687E-3
9.1347E+2	7.4523E-3
9.1367E+2	6.3925E-3
9.1388E+2	7.0541E-3
9.1408E+2	6.9469E-3
9.1428E+2	7.4278E-3
9.1449E+2	7.5166E-3
9.1469E+2	8.3712E-3
9.1490E+2	7.2471E-3
9.1510E+2	7.1399E-3
9.1530E+2	9.5138E-3
9.1551E+2	9.2320E-3
9.1571E+2	8.5918E-3
9.1591E+2	8.2886E-3
9.1612E+2	9.8599E-3
9.1632E+2	1.0816E-2
9.1652E+2	7.9517E-3
9.1673E+2	8.1110E-3
9.1693E+2	7.9578E-3
9.1713E+2	7.3330E-3
9.1734E+2	7.2503E-3
9.1754E+2	8.0651E-3
9.1774E+2	8.9748E-3
9.1795E+2	7.8844E-3
9.1815E+2	6.5152E-3
9.1835E+2	7.7955E-3
9.1856E+2	8.9166E-3
9.1876E+2	7.0574E-3
