PLQY measurement:
Date: 	29.03.2023 10:45:20
Peak emission wavelength (nm): 775
 PLQY = 	 	1.03E-2
absorded light fraction (%): 91
MAYA saturard: FALSE
USB2000 saturaed: FALSE
wavelength	corrected total emission spec
6.8456E+2	8.7309E-3
6.8478E+2	1.0216E-2
6.8500E+2	6.8512E-3
6.8523E+2	6.1149E-3
6.8545E+2	6.1460E-3
6.8567E+2	6.0107E-3
6.8589E+2	8.7767E-3
6.8611E+2	8.9704E-3
6.8634E+2	7.6972E-3
6.8656E+2	5.0214E-3
6.8678E+2	6.2281E-3
6.8700E+2	1.3757E-5
6.8722E+2	3.6531E-3
6.8745E+2	8.1297E-3
6.8767E+2	5.8850E-3
6.8789E+2	9.0222E-3
6.8811E+2	6.7013E-3
6.8833E+2	5.6814E-3
6.8856E+2	7.7524E-3
6.8878E+2	8.5721E-3
6.8900E+2	1.1285E-2
6.8922E+2	6.5533E-3
6.8944E+2	9.0153E-3
6.8966E+2	9.1483E-3
6.8989E+2	7.2642E-3
6.9011E+2	7.1989E-3
6.9033E+2	7.1460E-3
6.9055E+2	8.4073E-3
6.9077E+2	6.8840E-3
6.9099E+2	1.0618E-2
6.9122E+2	5.9803E-3
6.9144E+2	7.0625E-3
6.9166E+2	7.3163E-3
6.9188E+2	6.7098E-3
6.9210E+2	4.2716E-3
6.9232E+2	6.1843E-3
6.9255E+2	8.2620E-3
6.9277E+2	3.5895E-3
6.9299E+2	5.9975E-3
6.9321E+2	4.9351E-3
6.9343E+2	1.0851E-2
6.9365E+2	7.3963E-3
6.9387E+2	8.9071E-3
6.9410E+2	8.7101E-3
6.9432E+2	4.1385E-3
6.9454E+2	5.0565E-3
6.9476E+2	8.6905E-3
6.9498E+2	9.5509E-3
6.9520E+2	6.6037E-3
6.9542E+2	9.4283E-3
6.9565E+2	1.0291E-2
6.9587E+2	9.9634E-3
6.9609E+2	1.1241E-2
6.9631E+2	9.7814E-3
6.9653E+2	9.9954E-3
6.9675E+2	9.3109E-3
6.9697E+2	8.4545E-3
6.9719E+2	1.0782E-2
6.9742E+2	1.3865E-2
6.9764E+2	6.8567E-3
6.9786E+2	5.3689E-3
6.9808E+2	9.6832E-3
6.9830E+2	7.3208E-3
6.9852E+2	8.9543E-3
6.9874E+2	1.0974E-2
6.9896E+2	1.0513E-2
6.9918E+2	1.4648E-2
6.9941E+2	1.1655E-2
6.9963E+2	9.0711E-3
6.9985E+2	8.5785E-3
7.0007E+2	9.4527E-3
7.0029E+2	1.1117E-2
7.0051E+2	9.5888E-3
7.0073E+2	1.1217E-2
7.0095E+2	1.3524E-2
7.0117E+2	1.3346E-2
7.0139E+2	8.9829E-3
7.0161E+2	1.3450E-2
7.0184E+2	1.2895E-2
7.0206E+2	1.3958E-2
7.0228E+2	1.2007E-2
7.0250E+2	1.3809E-2
7.0272E+2	1.2114E-2
7.0294E+2	1.7746E-2
7.0316E+2	8.9618E-3
7.0338E+2	1.1091E-2
7.0360E+2	1.6006E-2
7.0382E+2	1.2590E-2
7.0404E+2	7.5307E-3
7.0426E+2	1.4246E-2
7.0448E+2	1.3902E-2
7.0470E+2	1.3104E-2
7.0492E+2	1.1086E-2
7.0515E+2	1.5532E-2
7.0537E+2	1.4577E-2
7.0559E+2	1.4765E-2
7.0581E+2	1.5690E-2
7.0603E+2	1.6454E-2
7.0625E+2	1.3851E-2
7.0647E+2	1.2919E-2
7.0669E+2	1.3524E-2
7.0691E+2	1.4444E-2
7.0713E+2	1.6738E-2
7.0735E+2	1.2089E-2
7.0757E+2	1.4700E-2
7.0779E+2	1.8129E-2
7.0801E+2	1.7839E-2
7.0823E+2	1.5849E-2
7.0845E+2	1.5903E-2
7.0867E+2	2.0132E-2
7.0889E+2	1.8538E-2
7.0911E+2	1.5269E-2
7.0933E+2	1.7033E-2
7.0955E+2	1.8861E-2
7.0977E+2	1.9118E-2
7.0999E+2	1.9287E-2
7.1021E+2	2.0276E-2
7.1043E+2	1.9555E-2
7.1065E+2	1.9961E-2
7.1087E+2	1.8976E-2
7.1109E+2	1.9178E-2
7.1131E+2	2.0759E-2
7.1153E+2	1.8926E-2
7.1175E+2	1.8628E-2
7.1197E+2	1.8411E-2
7.1219E+2	2.0297E-2
7.1241E+2	2.2550E-2
7.1263E+2	2.4144E-2
7.1285E+2	2.6246E-2
7.1307E+2	2.4757E-2
7.1329E+2	2.6777E-2
7.1351E+2	2.2710E-2
7.1373E+2	2.7725E-2
7.1395E+2	2.4383E-2
7.1417E+2	2.4151E-2
7.1439E+2	2.5840E-2
7.1461E+2	2.5636E-2
7.1483E+2	2.9470E-2
7.1505E+2	2.5366E-2
7.1527E+2	2.7197E-2
7.1549E+2	2.9471E-2
7.1571E+2	2.5386E-2
7.1593E+2	2.9947E-2
7.1615E+2	2.8480E-2
7.1637E+2	3.2338E-2
7.1659E+2	2.9324E-2
7.1681E+2	3.2386E-2
7.1703E+2	2.8965E-2
7.1725E+2	3.0162E-2
7.1747E+2	3.3208E-2
7.1769E+2	3.0295E-2
7.1791E+2	3.4237E-2
7.1813E+2	3.3496E-2
7.1835E+2	3.4390E-2
7.1857E+2	3.6124E-2
7.1879E+2	3.4465E-2
7.1901E+2	3.7038E-2
7.1923E+2	3.5928E-2
7.1944E+2	3.7157E-2
7.1966E+2	3.5672E-2
7.1988E+2	4.1904E-2
7.2010E+2	3.8927E-2
7.2032E+2	3.7087E-2
7.2054E+2	4.1592E-2
7.2076E+2	4.1380E-2
7.2098E+2	3.9149E-2
7.2120E+2	3.9838E-2
7.2142E+2	4.0239E-2
7.2164E+2	4.3558E-2
7.2186E+2	4.2959E-2
7.2208E+2	4.5926E-2
7.2230E+2	4.6088E-2
7.2252E+2	4.4657E-2
7.2273E+2	4.8482E-2
7.2295E+2	4.5813E-2
7.2317E+2	4.9144E-2
7.2339E+2	5.3736E-2
7.2361E+2	4.8201E-2
7.2383E+2	4.9810E-2
7.2405E+2	5.0226E-2
7.2427E+2	5.2395E-2
7.2449E+2	5.1160E-2
7.2471E+2	5.1706E-2
7.2493E+2	5.3066E-2
7.2514E+2	5.2722E-2
7.2536E+2	5.3754E-2
7.2558E+2	5.4699E-2
7.2580E+2	5.2694E-2
7.2602E+2	5.8131E-2
7.2624E+2	5.7326E-2
7.2646E+2	5.8764E-2
7.2668E+2	5.8571E-2
7.2690E+2	6.1876E-2
7.2711E+2	6.1417E-2
7.2733E+2	6.0684E-2
7.2755E+2	6.1611E-2
7.2777E+2	6.5496E-2
7.2799E+2	6.6110E-2
7.2821E+2	6.5993E-2
7.2843E+2	7.1626E-2
7.2865E+2	7.0393E-2
7.2886E+2	7.2066E-2
7.2908E+2	6.9764E-2
7.2930E+2	7.3446E-2
7.2952E+2	7.3629E-2
7.2974E+2	7.2201E-2
7.2996E+2	7.6944E-2
7.3018E+2	7.3970E-2
7.3039E+2	8.2561E-2
7.3061E+2	7.7200E-2
7.3083E+2	7.8694E-2
7.3105E+2	7.7299E-2
7.3127E+2	7.8145E-2
7.3149E+2	8.3518E-2
7.3171E+2	8.3898E-2
7.3192E+2	8.5963E-2
7.3214E+2	8.3703E-2
7.3236E+2	8.6722E-2
7.3258E+2	8.9592E-2
7.3280E+2	9.2477E-2
7.3302E+2	9.0732E-2
7.3323E+2	9.1496E-2
7.3345E+2	8.9729E-2
7.3367E+2	9.3248E-2
7.3389E+2	9.5216E-2
7.3411E+2	9.4806E-2
7.3433E+2	1.0014E-1
7.3454E+2	9.6907E-2
7.3476E+2	9.6450E-2
7.3498E+2	9.8772E-2
7.3520E+2	1.0577E-1
7.3542E+2	1.0246E-1
7.3564E+2	1.0354E-1
7.3585E+2	1.0299E-1
7.3607E+2	1.0753E-1
7.3629E+2	1.0977E-1
7.3651E+2	1.1182E-1
7.3673E+2	1.0912E-1
7.3694E+2	1.1342E-1
7.3716E+2	1.1703E-1
7.3738E+2	1.1821E-1
7.3760E+2	1.2027E-1
7.3782E+2	1.1948E-1
7.3803E+2	1.2435E-1
7.3825E+2	1.2459E-1
7.3847E+2	1.2535E-1
7.3869E+2	1.2344E-1
7.3891E+2	1.2783E-1
7.3912E+2	1.3216E-1
7.3934E+2	1.3466E-1
7.3956E+2	1.3068E-1
7.3978E+2	1.3048E-1
7.4000E+2	1.3454E-1
7.4021E+2	1.3395E-1
7.4043E+2	1.3525E-1
7.4065E+2	1.3613E-1
7.4087E+2	1.4211E-1
7.4108E+2	1.4609E-1
7.4130E+2	1.4693E-1
7.4152E+2	1.4817E-1
7.4174E+2	1.5267E-1
7.4196E+2	1.5296E-1
7.4217E+2	1.5548E-1
7.4239E+2	1.5713E-1
7.4261E+2	1.5388E-1
7.4283E+2	1.5652E-1
7.4304E+2	1.6502E-1
7.4326E+2	1.6476E-1
7.4348E+2	1.6613E-1
7.4370E+2	1.6644E-1
7.4391E+2	1.6603E-1
7.4413E+2	1.6769E-1
7.4435E+2	1.6692E-1
7.4457E+2	1.6891E-1
7.4478E+2	1.7738E-1
7.4500E+2	1.7871E-1
7.4522E+2	1.7969E-1
7.4544E+2	1.7716E-1
7.4565E+2	1.8069E-1
7.4587E+2	1.8308E-1
7.4609E+2	1.8587E-1
7.4631E+2	1.8601E-1
7.4652E+2	1.8903E-1
7.4674E+2	1.9473E-1
7.4696E+2	1.9858E-1
7.4717E+2	1.9480E-1
7.4739E+2	2.0271E-1
7.4761E+2	1.9965E-1
7.4783E+2	2.0613E-1
7.4804E+2	2.0197E-1
7.4826E+2	2.1084E-1
7.4848E+2	2.0953E-1
7.4869E+2	2.1098E-1
7.4891E+2	2.1274E-1
7.4913E+2	2.2085E-1
7.4935E+2	2.1683E-1
7.4956E+2	2.1992E-1
7.4978E+2	2.1707E-1
7.5000E+2	2.3217E-1
7.5021E+2	2.2403E-1
7.5043E+2	2.2438E-1
7.5065E+2	2.3441E-1
7.5087E+2	2.2720E-1
7.5108E+2	2.2895E-1
7.5130E+2	2.3496E-1
7.5152E+2	2.3883E-1
7.5173E+2	2.3993E-1
7.5195E+2	2.4612E-1
7.5217E+2	2.4352E-1
7.5238E+2	2.5402E-1
7.5260E+2	2.4967E-1
7.5282E+2	2.5398E-1
7.5303E+2	2.5625E-1
7.5325E+2	2.5974E-1
7.5347E+2	2.6310E-1
7.5368E+2	2.6543E-1
7.5390E+2	2.6132E-1
7.5412E+2	2.6487E-1
7.5433E+2	2.6674E-1
7.5455E+2	2.7015E-1
7.5477E+2	2.6499E-1
7.5498E+2	2.7222E-1
7.5520E+2	2.7122E-1
7.5542E+2	2.7802E-1
7.5563E+2	2.7369E-1
7.5585E+2	2.7093E-1
7.5607E+2	2.7757E-1
7.5628E+2	2.8714E-1
7.5650E+2	2.7836E-1
7.5672E+2	2.8299E-1
7.5693E+2	2.9106E-1
7.5715E+2	2.9033E-1
7.5737E+2	2.8992E-1
7.5758E+2	2.9944E-1
7.5780E+2	2.9819E-1
7.5802E+2	2.9958E-1
7.5823E+2	3.1097E-1
7.5845E+2	3.1113E-1
7.5866E+2	3.0896E-1
7.5888E+2	3.0385E-1
7.5910E+2	3.1256E-1
7.5931E+2	3.1390E-1
7.5953E+2	3.1717E-1
7.5975E+2	3.1456E-1
7.5996E+2	3.1847E-1
7.6018E+2	3.1503E-1
7.6040E+2	3.1899E-1
7.6061E+2	3.2646E-1
7.6083E+2	3.2261E-1
7.6104E+2	3.1926E-1
7.6126E+2	3.2233E-1
7.6148E+2	3.2124E-1
7.6169E+2	3.2437E-1
7.6191E+2	3.3309E-1
7.6212E+2	3.2977E-1
7.6234E+2	3.3692E-1
7.6256E+2	3.3400E-1
7.6277E+2	3.3598E-1
7.6299E+2	3.4357E-1
7.6320E+2	3.3783E-1
7.6342E+2	3.4843E-1
7.6364E+2	3.4755E-1
7.6385E+2	3.4955E-1
7.6407E+2	3.4957E-1
7.6428E+2	3.5523E-1
7.6450E+2	3.5490E-1
7.6472E+2	3.5249E-1
7.6493E+2	3.5477E-1
7.6515E+2	3.5075E-1
7.6536E+2	3.5143E-1
7.6558E+2	3.5344E-1
7.6579E+2	3.5386E-1
7.6601E+2	3.5243E-1
7.6623E+2	3.5660E-1
7.6644E+2	3.5636E-1
7.6666E+2	3.5750E-1
7.6687E+2	3.5685E-1
7.6709E+2	3.5862E-1
7.6730E+2	3.6081E-1
7.6752E+2	3.5813E-1
7.6774E+2	3.6891E-1
7.6795E+2	3.6980E-1
7.6817E+2	3.6738E-1
7.6838E+2	3.6864E-1
7.6860E+2	3.7308E-1
7.6881E+2	3.7292E-1
7.6903E+2	3.7144E-1
7.6925E+2	3.7214E-1
7.6946E+2	3.7721E-1
7.6968E+2	3.7916E-1
7.6989E+2	3.7954E-1
7.7011E+2	3.7773E-1
7.7032E+2	3.8183E-1
7.7054E+2	3.7953E-1
7.7075E+2	3.7979E-1
7.7097E+2	3.8301E-1
7.7118E+2	3.7244E-1
7.7140E+2	3.7486E-1
7.7161E+2	3.7547E-1
7.7183E+2	3.7339E-1
7.7205E+2	3.7575E-1
7.7226E+2	3.7014E-1
7.7248E+2	3.7429E-1
7.7269E+2	3.7012E-1
7.7291E+2	3.6738E-1
7.7312E+2	3.7101E-1
7.7334E+2	3.6985E-1
7.7355E+2	3.8130E-1
7.7377E+2	3.7666E-1
7.7398E+2	3.7595E-1
7.7420E+2	3.7979E-1
7.7441E+2	3.7744E-1
7.7463E+2	3.8261E-1
7.7484E+2	3.7967E-1
7.7506E+2	3.7756E-1
7.7527E+2	3.8053E-1
7.7549E+2	3.8590E-1
7.7570E+2	3.8127E-1
7.7592E+2	3.7944E-1
7.7613E+2	3.8304E-1
7.7635E+2	3.7758E-1
7.7656E+2	3.7601E-1
7.7678E+2	3.7836E-1
7.7699E+2	3.7021E-1
7.7721E+2	3.6609E-1
7.7742E+2	3.6885E-1
7.7764E+2	3.6177E-1
7.7785E+2	3.6385E-1
7.7807E+2	3.6049E-1
7.7828E+2	3.5780E-1
7.7850E+2	3.5377E-1
7.7871E+2	3.5506E-1
7.7893E+2	3.6125E-1
7.7914E+2	3.5418E-1
7.7936E+2	3.5382E-1
7.7957E+2	3.5433E-1
7.7978E+2	3.5469E-1
7.8000E+2	3.4723E-1
7.8021E+2	3.5278E-1
7.8043E+2	3.5372E-1
7.8064E+2	3.5055E-1
7.8086E+2	3.4698E-1
7.8107E+2	3.4513E-1
7.8129E+2	3.4831E-1
7.8150E+2	3.4183E-1
7.8172E+2	3.4536E-1
7.8193E+2	3.4225E-1
7.8214E+2	3.3798E-1
7.8236E+2	3.3835E-1
7.8257E+2	3.4131E-1
7.8279E+2	3.3622E-1
7.8300E+2	3.3481E-1
7.8322E+2	3.2703E-1
7.8343E+2	3.1683E-1
7.8365E+2	3.1846E-1
7.8386E+2	3.2078E-1
7.8407E+2	3.1874E-1
7.8429E+2	3.1505E-1
7.8450E+2	3.0891E-1
7.8472E+2	3.0719E-1
7.8493E+2	3.1049E-1
7.8515E+2	3.0716E-1
7.8536E+2	3.0737E-1
7.8557E+2	3.1022E-1
7.8579E+2	3.0395E-1
7.8600E+2	3.0926E-1
7.8622E+2	3.0322E-1
7.8643E+2	3.0075E-1
7.8665E+2	2.9567E-1
7.8686E+2	3.0051E-1
7.8707E+2	3.0471E-1
7.8729E+2	2.9546E-1
7.8750E+2	2.9395E-1
7.8772E+2	2.9111E-1
7.8793E+2	2.8987E-1
7.8814E+2	2.8142E-1
7.8836E+2	2.8066E-1
7.8857E+2	2.7767E-1
7.8879E+2	2.7508E-1
7.8900E+2	2.7556E-1
7.8921E+2	2.7260E-1
7.8943E+2	2.6176E-1
7.8964E+2	2.6833E-1
7.8985E+2	2.5819E-1
7.9007E+2	2.6316E-1
7.9028E+2	2.5827E-1
7.9050E+2	2.5515E-1
7.9071E+2	2.5055E-1
7.9092E+2	2.5129E-1
7.9114E+2	2.4797E-1
7.9135E+2	2.4813E-1
7.9157E+2	2.4574E-1
7.9178E+2	2.4898E-1
7.9199E+2	2.5004E-1
7.9221E+2	2.4153E-1
7.9242E+2	2.3825E-1
7.9263E+2	2.4022E-1
7.9285E+2	2.3612E-1
7.9306E+2	2.3571E-1
7.9327E+2	2.3675E-1
7.9349E+2	2.3387E-1
7.9370E+2	2.2770E-1
7.9392E+2	2.1881E-1
7.9413E+2	2.2055E-1
7.9434E+2	2.1735E-1
7.9456E+2	2.1942E-1
7.9477E+2	2.1287E-1
7.9498E+2	2.1119E-1
7.9520E+2	2.0700E-1
7.9541E+2	2.0348E-1
7.9562E+2	1.9927E-1
7.9584E+2	1.9882E-1
7.9605E+2	1.9832E-1
7.9626E+2	1.9422E-1
7.9648E+2	1.8926E-1
7.9669E+2	1.8862E-1
7.9690E+2	1.8701E-1
7.9712E+2	1.8579E-1
7.9733E+2	1.8423E-1
7.9754E+2	1.7953E-1
7.9776E+2	1.8174E-1
7.9797E+2	1.7813E-1
7.9818E+2	1.7389E-1
7.9840E+2	1.7737E-1
7.9861E+2	1.7088E-1
7.9882E+2	1.7188E-1
7.9904E+2	1.6888E-1
7.9925E+2	1.6817E-1
7.9946E+2	1.6507E-1
7.9967E+2	1.6030E-1
7.9989E+2	1.6100E-1
8.0010E+2	1.5863E-1
8.0031E+2	1.5789E-1
8.0053E+2	1.5263E-1
8.0074E+2	1.5253E-1
8.0095E+2	1.4686E-1
8.0117E+2	1.4692E-1
8.0138E+2	1.4198E-1
8.0159E+2	1.4146E-1
8.0180E+2	1.3577E-1
8.0202E+2	1.3672E-1
8.0223E+2	1.3384E-1
8.0244E+2	1.3123E-1
8.0266E+2	1.3389E-1
8.0287E+2	1.2507E-1
8.0308E+2	1.2845E-1
8.0329E+2	1.2622E-1
8.0351E+2	1.2540E-1
8.0372E+2	1.2486E-1
8.0393E+2	1.2247E-1
8.0415E+2	1.2107E-1
8.0436E+2	1.1989E-1
8.0457E+2	1.2194E-1
8.0478E+2	1.1846E-1
8.0500E+2	1.1431E-1
8.0521E+2	1.1198E-1
8.0542E+2	1.1482E-1
8.0563E+2	1.1308E-1
8.0585E+2	1.0858E-1
8.0606E+2	1.0885E-1
8.0627E+2	1.0441E-1
8.0648E+2	1.0851E-1
8.0670E+2	1.0337E-1
8.0691E+2	1.0044E-1
8.0712E+2	9.6329E-2
8.0733E+2	1.0022E-1
8.0755E+2	9.4584E-2
8.0776E+2	9.3295E-2
8.0797E+2	8.9809E-2
8.0818E+2	9.2506E-2
8.0840E+2	8.9880E-2
8.0861E+2	8.7613E-2
8.0882E+2	8.4814E-2
8.0903E+2	8.3032E-2
8.0925E+2	8.6339E-2
8.0946E+2	8.0616E-2
8.0967E+2	7.9708E-2
8.0988E+2	8.2822E-2
8.1009E+2	7.9700E-2
8.1031E+2	8.2786E-2
8.1052E+2	7.6408E-2
8.1073E+2	7.7311E-2
8.1094E+2	7.7626E-2
8.1116E+2	7.4755E-2
8.1137E+2	7.5776E-2
8.1158E+2	7.2237E-2
8.1179E+2	7.3458E-2
8.1200E+2	6.9474E-2
8.1222E+2	6.8010E-2
8.1243E+2	7.0947E-2
8.1264E+2	6.6291E-2
8.1285E+2	6.9208E-2
8.1306E+2	6.2388E-2
8.1328E+2	6.5328E-2
8.1349E+2	6.1638E-2
8.1370E+2	6.1628E-2
8.1391E+2	6.1557E-2
8.1412E+2	6.2287E-2
8.1434E+2	5.8443E-2
8.1455E+2	5.7667E-2
8.1476E+2	5.9203E-2
8.1497E+2	5.5958E-2
8.1518E+2	5.6711E-2
8.1540E+2	5.3497E-2
8.1561E+2	5.4754E-2
8.1582E+2	5.2208E-2
8.1603E+2	5.2566E-2
8.1624E+2	5.6132E-2
8.1645E+2	5.0028E-2
8.1667E+2	5.0505E-2
8.1688E+2	4.9326E-2
8.1709E+2	4.8650E-2
8.1730E+2	4.5654E-2
8.1751E+2	4.7332E-2
8.1772E+2	4.6953E-2
8.1794E+2	4.7673E-2
8.1815E+2	4.6221E-2
8.1836E+2	4.5862E-2
8.1857E+2	4.4227E-2
8.1878E+2	4.2960E-2
8.1899E+2	4.3898E-2
8.1921E+2	4.3331E-2
8.1942E+2	4.0741E-2
8.1963E+2	3.9704E-2
8.1984E+2	3.9087E-2
8.2005E+2	3.9097E-2
8.2026E+2	3.7615E-2
8.2047E+2	3.6996E-2
8.2069E+2	3.7641E-2
8.2090E+2	3.5665E-2
8.2111E+2	3.7563E-2
8.2132E+2	3.6895E-2
8.2153E+2	3.4584E-2
8.2174E+2	3.1750E-2
8.2195E+2	3.3004E-2
8.2216E+2	3.3238E-2
8.2238E+2	3.2826E-2
8.2259E+2	3.3453E-2
8.2280E+2	3.2421E-2
8.2301E+2	3.2781E-2
8.2322E+2	3.7409E-2
8.2343E+2	3.4805E-2
8.2364E+2	3.3834E-2
8.2385E+2	3.4934E-2
8.2407E+2	3.3216E-2
8.2428E+2	3.3784E-2
8.2449E+2	2.9244E-2
8.2470E+2	2.6638E-2
8.2491E+2	2.9307E-2
8.2512E+2	2.8224E-2
8.2533E+2	2.6674E-2
8.2554E+2	2.6391E-2
8.2575E+2	2.6368E-2
8.2596E+2	2.6201E-2
8.2618E+2	2.5034E-2
8.2639E+2	2.3248E-2
8.2660E+2	2.4335E-2
8.2681E+2	2.3500E-2
8.2702E+2	2.3408E-2
8.2723E+2	2.5248E-2
8.2744E+2	2.3807E-2
8.2765E+2	2.1513E-2
8.2786E+2	2.2537E-2
8.2807E+2	2.2194E-2
8.2828E+2	2.0527E-2
8.2849E+2	2.1783E-2
8.2871E+2	2.1351E-2
8.2892E+2	2.0274E-2
8.2913E+2	2.0982E-2
8.2934E+2	1.8080E-2
8.2955E+2	1.8666E-2
8.2976E+2	1.8994E-2
8.2997E+2	1.8907E-2
8.3018E+2	1.9833E-2
8.3039E+2	1.9908E-2
8.3060E+2	1.9713E-2
8.3081E+2	1.7592E-2
8.3102E+2	1.7966E-2
8.3123E+2	1.9300E-2
8.3144E+2	1.6268E-2
8.3165E+2	1.8421E-2
8.3186E+2	1.7118E-2
8.3208E+2	1.8271E-2
8.3229E+2	1.7587E-2
8.3250E+2	1.5291E-2
8.3271E+2	1.7032E-2
8.3292E+2	1.5403E-2
8.3313E+2	1.7230E-2
8.3334E+2	1.6315E-2
8.3355E+2	1.2922E-2
8.3376E+2	1.6339E-2
8.3397E+2	1.2909E-2
8.3418E+2	1.5830E-2
8.3439E+2	1.2458E-2
8.3460E+2	1.5552E-2
8.3481E+2	1.1991E-2
8.3502E+2	1.5292E-2
8.3523E+2	1.3269E-2
8.3544E+2	1.4510E-2
8.3565E+2	1.3296E-2
8.3586E+2	1.1265E-2
8.3607E+2	1.2564E-2
8.3628E+2	1.2711E-2
8.3649E+2	1.2289E-2
8.3670E+2	1.1688E-2
8.3691E+2	1.4058E-2
8.3712E+2	1.0689E-2
8.3733E+2	1.2200E-2
8.3754E+2	1.2637E-2
8.3775E+2	1.2402E-2
8.3796E+2	1.2690E-2
8.3817E+2	1.0803E-2
8.3838E+2	1.1611E-2
8.3859E+2	1.0398E-2
8.3880E+2	1.0111E-2
8.3901E+2	1.1197E-2
8.3922E+2	1.0552E-2
8.3943E+2	1.2580E-2
8.3964E+2	1.1380E-2
8.3985E+2	1.0209E-2
8.4006E+2	1.0178E-2
8.4027E+2	1.0841E-2
8.4048E+2	8.8210E-3
8.4069E+2	9.0963E-3
8.4090E+2	9.2155E-3
8.4111E+2	9.1615E-3
8.4132E+2	9.3442E-3
8.4153E+2	1.0156E-2
8.4174E+2	8.1452E-3
8.4195E+2	8.1550E-3
8.4216E+2	7.6282E-3
8.4237E+2	8.9541E-3
8.4258E+2	8.7621E-3
8.4279E+2	6.8572E-3
8.4300E+2	6.9769E-3
8.4321E+2	9.2123E-3
8.4342E+2	8.1730E-3
8.4362E+2	6.9671E-3
8.4383E+2	5.9402E-3
8.4404E+2	8.2375E-3
8.4425E+2	6.5312E-3
8.4446E+2	7.2676E-3
8.4467E+2	9.5466E-3
8.4488E+2	7.1903E-3
8.4509E+2	6.5675E-3
8.4530E+2	8.5806E-3
8.4551E+2	7.8254E-3
8.4572E+2	6.5987E-3
8.4593E+2	6.9486E-3
8.4614E+2	8.8856E-3
8.4635E+2	4.7728E-3
8.4656E+2	6.9511E-3
8.4677E+2	6.3008E-3
8.4697E+2	6.2138E-3
8.4718E+2	6.5807E-3
8.4739E+2	6.3327E-3
8.4760E+2	6.9581E-3
8.4781E+2	7.1526E-3
8.4802E+2	5.9396E-3
8.4823E+2	5.1749E-3
8.4844E+2	5.6337E-3
8.4865E+2	6.3278E-3
8.4886E+2	7.3778E-3
8.4907E+2	6.5850E-3
8.4928E+2	7.6176E-3
8.4948E+2	5.2462E-3
8.4969E+2	5.7794E-3
8.4990E+2	7.6037E-3
8.5011E+2	4.9634E-3
8.5032E+2	5.4392E-3
8.5053E+2	5.5821E-3
8.5074E+2	3.9811E-3
8.5095E+2	6.4013E-3
8.5116E+2	6.2058E-3
8.5137E+2	6.1825E-3
8.5157E+2	5.8093E-3
8.5178E+2	4.3523E-3
8.5199E+2	7.1673E-3
8.5220E+2	4.7874E-3
8.5241E+2	5.5554E-3
8.5262E+2	6.1053E-3
8.5283E+2	5.0273E-3
8.5304E+2	4.3047E-3
8.5324E+2	3.7600E-3
8.5345E+2	4.3100E-3
8.5366E+2	4.7684E-3
8.5387E+2	5.5247E-3
8.5408E+2	5.3812E-3
8.5429E+2	3.3867E-3
8.5450E+2	3.9424E-3
8.5471E+2	4.6184E-3
8.5491E+2	5.5580E-3
8.5512E+2	3.3691E-3
8.5533E+2	4.2857E-3
8.5554E+2	4.2971E-3
8.5575E+2	2.9105E-3
8.5596E+2	4.6006E-3
8.5617E+2	4.7896E-3
8.5637E+2	5.4484E-3
8.5658E+2	4.8125E-3
8.5679E+2	5.2478E-3
8.5700E+2	3.8098E-3
8.5721E+2	3.2427E-3
8.5742E+2	4.6406E-3
8.5762E+2	4.0734E-3
8.5783E+2	3.2084E-3
8.5804E+2	4.5949E-3
8.5825E+2	4.2283E-3
8.5846E+2	2.8934E-3
8.5867E+2	4.3258E-3
8.5887E+2	3.8274E-3
8.5908E+2	4.8589E-3
8.5929E+2	4.3262E-3
8.5950E+2	4.3378E-3
8.5971E+2	4.5844E-3
8.5992E+2	3.2493E-3
8.6012E+2	4.0116E-3
