PLQY measurement:
Date: 	19.04.2023 11:11:32
Peak emission wavelength (nm): 775
 PLQY = 	 	1.26E-2
absorded light fraction (%): 80
MAYA saturard: FALSE
USB2000 saturaed: FALSE
wavelength	corrected total emission spec
6.7833E+2	4.9273E-3
6.7856E+2	1.2990E-3
6.7878E+2	2.8575E-3
6.7900E+2	4.6289E-3
6.7922E+2	-2.1506E-3
6.7945E+2	3.5540E-3
6.7967E+2	4.8368E-3
6.7989E+2	1.0849E-3
6.8011E+2	7.3509E-3
6.8034E+2	5.5793E-3
6.8056E+2	6.1167E-3
6.8078E+2	-1.2938E-3
6.8100E+2	6.8464E-3
6.8123E+2	3.8686E-4
6.8145E+2	2.8893E-3
6.8167E+2	4.6693E-3
6.8189E+2	6.4039E-3
6.8212E+2	2.5062E-3
6.8234E+2	6.3968E-4
6.8256E+2	3.4058E-4
6.8278E+2	3.3168E-3
6.8300E+2	3.8494E-3
6.8323E+2	-3.8144E-4
6.8345E+2	4.6540E-3
6.8367E+2	4.5476E-3
6.8389E+2	3.0938E-4
6.8412E+2	3.4539E-3
6.8434E+2	9.0122E-3
6.8456E+2	7.2338E-3
6.8478E+2	6.5405E-3
6.8500E+2	3.7256E-3
6.8523E+2	3.5102E-3
6.8545E+2	1.1958E-3
6.8567E+2	2.1933E-3
6.8589E+2	-5.1302E-4
6.8611E+2	1.7996E-3
6.8634E+2	7.5313E-3
6.8656E+2	-1.3381E-3
6.8678E+2	4.2577E-3
6.8700E+2	-1.0456E-3
6.8722E+2	2.8291E-3
6.8745E+2	2.6185E-3
6.8767E+2	9.1560E-3
6.8789E+2	2.5153E-3
6.8811E+2	2.7433E-3
6.8833E+2	1.7712E-3
6.8856E+2	4.1074E-3
6.8878E+2	-2.3366E-3
6.8900E+2	4.8151E-3
6.8922E+2	5.2806E-4
6.8944E+2	5.7985E-3
6.8966E+2	6.4497E-3
6.8989E+2	6.7925E-3
6.9011E+2	4.0368E-3
6.9033E+2	4.8894E-3
6.9055E+2	9.5605E-3
6.9077E+2	-2.9465E-4
6.9099E+2	2.8750E-3
6.9122E+2	1.5218E-3
6.9144E+2	8.4483E-3
6.9166E+2	4.2567E-4
6.9188E+2	1.8336E-3
6.9210E+2	4.7890E-3
6.9232E+2	1.5096E-3
6.9255E+2	5.7900E-3
6.9277E+2	6.9283E-3
6.9299E+2	3.9939E-3
6.9321E+2	1.5792E-3
6.9343E+2	7.3698E-3
6.9365E+2	8.6684E-3
6.9387E+2	5.5800E-3
6.9410E+2	5.1528E-3
6.9432E+2	7.2456E-3
6.9454E+2	6.3467E-3
6.9476E+2	5.3079E-3
6.9498E+2	-6.1074E-4
6.9520E+2	2.4521E-3
6.9542E+2	6.9288E-3
6.9565E+2	4.5637E-3
6.9587E+2	4.9817E-3
6.9609E+2	4.8598E-3
6.9631E+2	1.1776E-2
6.9653E+2	7.4259E-3
6.9675E+2	5.4121E-3
6.9697E+2	6.3665E-3
6.9719E+2	8.1216E-3
6.9742E+2	7.9413E-3
6.9764E+2	6.9459E-3
6.9786E+2	4.2239E-3
6.9808E+2	2.4399E-3
6.9830E+2	1.9412E-3
6.9852E+2	9.5116E-3
6.9874E+2	2.9837E-3
6.9896E+2	4.2659E-3
6.9918E+2	8.6983E-3
6.9941E+2	5.3491E-3
6.9963E+2	4.2592E-3
6.9985E+2	1.1250E-2
7.0007E+2	1.1143E-2
7.0029E+2	2.3385E-3
7.0051E+2	9.7011E-3
7.0073E+2	5.4465E-3
7.0095E+2	5.3373E-3
7.0117E+2	3.7529E-3
7.0139E+2	4.1316E-3
7.0161E+2	4.0500E-3
7.0184E+2	4.8094E-3
7.0206E+2	8.8367E-3
7.0228E+2	6.2992E-3
7.0250E+2	7.5078E-3
7.0272E+2	1.0615E-2
7.0294E+2	9.3454E-3
7.0316E+2	1.1239E-2
7.0338E+2	1.0847E-2
7.0360E+2	6.1778E-3
7.0382E+2	1.0688E-2
7.0404E+2	7.7862E-3
7.0426E+2	7.6027E-3
7.0448E+2	5.7741E-3
7.0470E+2	1.0585E-2
7.0492E+2	5.4767E-3
7.0515E+2	5.3221E-3
7.0537E+2	8.1803E-3
7.0559E+2	7.1117E-3
7.0581E+2	7.2084E-3
7.0603E+2	7.7953E-3
7.0625E+2	9.7808E-3
7.0647E+2	5.9993E-3
7.0669E+2	1.1996E-2
7.0691E+2	6.4236E-3
7.0713E+2	7.8160E-3
7.0735E+2	6.6265E-3
7.0757E+2	5.7141E-3
7.0779E+2	2.9721E-3
7.0801E+2	9.3748E-3
7.0823E+2	9.0514E-3
7.0845E+2	8.3168E-3
7.0867E+2	7.7186E-3
7.0889E+2	1.3369E-2
7.0911E+2	9.4051E-3
7.0933E+2	9.1894E-3
7.0955E+2	7.6891E-3
7.0977E+2	1.0645E-2
7.0999E+2	1.2225E-2
7.1021E+2	1.0388E-2
7.1043E+2	8.5118E-3
7.1065E+2	1.0178E-2
7.1087E+2	8.9267E-3
7.1109E+2	7.4330E-3
7.1131E+2	9.0700E-3
7.1153E+2	1.2740E-2
7.1175E+2	1.0901E-2
7.1197E+2	1.0888E-2
7.1219E+2	1.3577E-2
7.1241E+2	1.3095E-2
7.1263E+2	1.4329E-2
7.1285E+2	1.5821E-2
7.1307E+2	1.3819E-2
7.1329E+2	1.4696E-2
7.1351E+2	1.3365E-2
7.1373E+2	1.4610E-2
7.1395E+2	1.2808E-2
7.1417E+2	1.5607E-2
7.1439E+2	1.1464E-2
7.1461E+2	1.7515E-2
7.1483E+2	1.4808E-2
7.1505E+2	1.6185E-2
7.1527E+2	1.7589E-2
7.1549E+2	1.6812E-2
7.1571E+2	1.8313E-2
7.1593E+2	1.8470E-2
7.1615E+2	1.5632E-2
7.1637E+2	1.3055E-2
7.1659E+2	2.0730E-2
7.1681E+2	1.5473E-2
7.1703E+2	1.6242E-2
7.1725E+2	1.7494E-2
7.1747E+2	1.8004E-2
7.1769E+2	2.1011E-2
7.1791E+2	1.9153E-2
7.1813E+2	1.8241E-2
7.1835E+2	1.9512E-2
7.1857E+2	2.4345E-2
7.1879E+2	2.0930E-2
7.1901E+2	2.1158E-2
7.1923E+2	2.2449E-2
7.1944E+2	2.1279E-2
7.1966E+2	2.2620E-2
7.1988E+2	2.2539E-2
7.2010E+2	2.5230E-2
7.2032E+2	2.1697E-2
7.2054E+2	2.5205E-2
7.2076E+2	2.2665E-2
7.2098E+2	2.3756E-2
7.2120E+2	2.6584E-2
7.2142E+2	2.3162E-2
7.2164E+2	2.2715E-2
7.2186E+2	2.4874E-2
7.2208E+2	2.8364E-2
7.2230E+2	2.3209E-2
7.2252E+2	2.4125E-2
7.2273E+2	3.0946E-2
7.2295E+2	3.1665E-2
7.2317E+2	2.7047E-2
7.2339E+2	3.0966E-2
7.2361E+2	3.0784E-2
7.2383E+2	3.3571E-2
7.2405E+2	2.9951E-2
7.2427E+2	3.2091E-2
7.2449E+2	2.3485E-2
7.2471E+2	2.7694E-2
7.2493E+2	2.8052E-2
7.2514E+2	3.0899E-2
7.2536E+2	3.1335E-2
7.2558E+2	2.9241E-2
7.2580E+2	3.3656E-2
7.2602E+2	3.5813E-2
7.2624E+2	3.5688E-2
7.2646E+2	3.6410E-2
7.2668E+2	3.3295E-2
7.2690E+2	3.5734E-2
7.2711E+2	4.0541E-2
7.2733E+2	3.8818E-2
7.2755E+2	4.0081E-2
7.2777E+2	3.8020E-2
7.2799E+2	3.7379E-2
7.2821E+2	3.7354E-2
7.2843E+2	3.7400E-2
7.2865E+2	3.9629E-2
7.2886E+2	4.3647E-2
7.2908E+2	4.3657E-2
7.2930E+2	4.0312E-2
7.2952E+2	4.3602E-2
7.2974E+2	4.8957E-2
7.2996E+2	4.9173E-2
7.3018E+2	4.8242E-2
7.3039E+2	4.6732E-2
7.3061E+2	4.7351E-2
7.3083E+2	4.6808E-2
7.3105E+2	4.8812E-2
7.3127E+2	4.8007E-2
7.3149E+2	4.9327E-2
7.3171E+2	4.6638E-2
7.3192E+2	4.9402E-2
7.3214E+2	4.8523E-2
7.3236E+2	5.3173E-2
7.3258E+2	5.6043E-2
7.3280E+2	6.0410E-2
7.3302E+2	5.7727E-2
7.3323E+2	5.6634E-2
7.3345E+2	6.1663E-2
7.3367E+2	6.2580E-2
7.3389E+2	6.0254E-2
7.3411E+2	5.8539E-2
7.3433E+2	6.7527E-2
7.3454E+2	6.2060E-2
7.3476E+2	6.0856E-2
7.3498E+2	6.3171E-2
7.3520E+2	6.2899E-2
7.3542E+2	6.3504E-2
7.3564E+2	6.6163E-2
7.3585E+2	6.9478E-2
7.3607E+2	6.5991E-2
7.3629E+2	7.0972E-2
7.3651E+2	7.4761E-2
7.3673E+2	7.1845E-2
7.3694E+2	7.4081E-2
7.3716E+2	7.4250E-2
7.3738E+2	7.8090E-2
7.3760E+2	7.4696E-2
7.3782E+2	7.9610E-2
7.3803E+2	7.8012E-2
7.3825E+2	8.4540E-2
7.3847E+2	8.1011E-2
7.3869E+2	8.3106E-2
7.3891E+2	8.4338E-2
7.3912E+2	8.3355E-2
7.3934E+2	8.5971E-2
7.3956E+2	9.1169E-2
7.3978E+2	8.4977E-2
7.4000E+2	8.9549E-2
7.4021E+2	9.4574E-2
7.4043E+2	9.4784E-2
7.4065E+2	9.1803E-2
7.4087E+2	9.5149E-2
7.4108E+2	9.8082E-2
7.4130E+2	9.5355E-2
7.4152E+2	9.8371E-2
7.4174E+2	9.4870E-2
7.4196E+2	1.0448E-1
7.4217E+2	1.0404E-1
7.4239E+2	1.0314E-1
7.4261E+2	1.0619E-1
7.4283E+2	1.1055E-1
7.4304E+2	1.1383E-1
7.4326E+2	1.1132E-1
7.4348E+2	1.0143E-1
7.4370E+2	3.1736E-2
7.4391E+2	4.7310E-2
7.4413E+2	1.1591E-1
7.4435E+2	1.1788E-1
7.4457E+2	1.2242E-1
7.4478E+2	1.2556E-1
7.4500E+2	1.2306E-1
7.4522E+2	1.1981E-1
7.4544E+2	1.2676E-1
7.4565E+2	1.2813E-1
7.4587E+2	1.3013E-1
7.4609E+2	1.3414E-1
7.4631E+2	1.3118E-1
7.4652E+2	1.2935E-1
7.4674E+2	1.3622E-1
7.4696E+2	1.4301E-1
7.4717E+2	1.4431E-1
7.4739E+2	1.4819E-1
7.4761E+2	1.5210E-1
7.4783E+2	1.5217E-1
7.4804E+2	1.5060E-1
7.4826E+2	1.5655E-1
7.4848E+2	1.6012E-1
7.4869E+2	1.5897E-1
7.4891E+2	1.6037E-1
7.4913E+2	1.6552E-1
7.4935E+2	1.6497E-1
7.4956E+2	1.6384E-1
7.4978E+2	1.7163E-1
7.5000E+2	1.7044E-1
7.5021E+2	1.7651E-1
7.5043E+2	1.7340E-1
7.5065E+2	1.7367E-1
7.5087E+2	1.8123E-1
7.5108E+2	1.8195E-1
7.5130E+2	1.8331E-1
7.5152E+2	1.8601E-1
7.5173E+2	1.9238E-1
7.5195E+2	1.9139E-1
7.5217E+2	1.8927E-1
7.5238E+2	1.9577E-1
7.5260E+2	1.9816E-1
7.5282E+2	2.0467E-1
7.5303E+2	2.0074E-1
7.5325E+2	2.1375E-1
7.5347E+2	2.1941E-1
7.5368E+2	2.1508E-1
7.5390E+2	2.1914E-1
7.5412E+2	2.1749E-1
7.5433E+2	2.2150E-1
7.5455E+2	2.2444E-1
7.5477E+2	2.3219E-1
7.5498E+2	2.3591E-1
7.5520E+2	2.3505E-1
7.5542E+2	2.3326E-1
7.5563E+2	2.3655E-1
7.5585E+2	2.4278E-1
7.5607E+2	2.3455E-1
7.5628E+2	2.4146E-1
7.5650E+2	2.3955E-1
7.5672E+2	2.5415E-1
7.5693E+2	2.5597E-1
7.5715E+2	2.5637E-1
7.5737E+2	2.5781E-1
7.5758E+2	2.5638E-1
7.5780E+2	2.6414E-1
7.5802E+2	2.6934E-1
7.5823E+2	2.7457E-1
7.5845E+2	2.7753E-1
7.5866E+2	2.8139E-1
7.5888E+2	2.8694E-1
7.5910E+2	2.8699E-1
7.5931E+2	2.8949E-1
7.5953E+2	2.8919E-1
7.5975E+2	2.9862E-1
7.5996E+2	2.9471E-1
7.6018E+2	2.9513E-1
7.6040E+2	2.9478E-1
7.6061E+2	3.0131E-1
7.6083E+2	3.0538E-1
7.6104E+2	3.1303E-1
7.6126E+2	3.0723E-1
7.6148E+2	3.1144E-1
7.6169E+2	3.1339E-1
7.6191E+2	3.1400E-1
7.6212E+2	3.1808E-1
7.6234E+2	3.2797E-1
7.6256E+2	3.3190E-1
7.6277E+2	3.3602E-1
7.6299E+2	3.3867E-1
7.6320E+2	3.4023E-1
7.6342E+2	3.4698E-1
7.6364E+2	3.4524E-1
7.6385E+2	3.5589E-1
7.6407E+2	3.5666E-1
7.6428E+2	3.5933E-1
7.6450E+2	3.5761E-1
7.6472E+2	3.5810E-1
7.6493E+2	3.6193E-1
7.6515E+2	3.6742E-1
7.6536E+2	3.7205E-1
7.6558E+2	3.7698E-1
7.6579E+2	3.6919E-1
7.6601E+2	3.7157E-1
7.6623E+2	3.7334E-1
7.6644E+2	3.7324E-1
7.6666E+2	3.7240E-1
7.6687E+2	3.7909E-1
7.6709E+2	3.8434E-1
7.6730E+2	3.8320E-1
7.6752E+2	3.8745E-1
7.6774E+2	3.8620E-1
7.6795E+2	3.8969E-1
7.6817E+2	3.9927E-1
7.6838E+2	3.9716E-1
7.6860E+2	4.1144E-1
7.6881E+2	4.0648E-1
7.6903E+2	4.0789E-1
7.6925E+2	4.1040E-1
7.6946E+2	4.1235E-1
7.6968E+2	4.1981E-1
7.6989E+2	4.3167E-1
7.7011E+2	4.3423E-1
7.7032E+2	4.2662E-1
7.7054E+2	4.3006E-1
7.7075E+2	4.3781E-1
7.7097E+2	4.3357E-1
7.7118E+2	4.2897E-1
7.7140E+2	4.2654E-1
7.7161E+2	4.2835E-1
7.7183E+2	4.2198E-1
7.7205E+2	4.2766E-1
7.7226E+2	4.2619E-1
7.7248E+2	4.2730E-1
7.7269E+2	4.3022E-1
7.7291E+2	4.3292E-1
7.7312E+2	4.3465E-1
7.7334E+2	4.3650E-1
7.7355E+2	4.3244E-1
7.7377E+2	4.3707E-1
7.7398E+2	4.4278E-1
7.7420E+2	4.3954E-1
7.7441E+2	4.4976E-1
7.7463E+2	4.5107E-1
7.7484E+2	4.5034E-1
7.7506E+2	4.4688E-1
7.7527E+2	4.5796E-1
7.7549E+2	4.5236E-1
7.7570E+2	4.5024E-1
7.7592E+2	4.5258E-1
7.7613E+2	4.5303E-1
7.7635E+2	4.4680E-1
7.7656E+2	4.5505E-1
7.7678E+2	4.4945E-1
7.7699E+2	4.4983E-1
7.7721E+2	4.3994E-1
7.7742E+2	4.4542E-1
7.7764E+2	4.4343E-1
7.7785E+2	4.4193E-1
7.7807E+2	4.4739E-1
7.7828E+2	4.4254E-1
7.7850E+2	4.3779E-1
7.7871E+2	4.3743E-1
7.7893E+2	4.3823E-1
7.7914E+2	4.3874E-1
7.7936E+2	4.3443E-1
7.7957E+2	4.3055E-1
7.7978E+2	4.3276E-1
7.8000E+2	4.3252E-1
7.8021E+2	4.3605E-1
7.8043E+2	4.2735E-1
7.8064E+2	4.3349E-1
7.8086E+2	4.3568E-1
7.8107E+2	4.3665E-1
7.8129E+2	4.3396E-1
7.8150E+2	4.3327E-1
7.8172E+2	4.3000E-1
7.8193E+2	4.3235E-1
7.8214E+2	4.2009E-1
7.8236E+2	4.2411E-1
7.8257E+2	4.2158E-1
7.8279E+2	4.2073E-1
7.8300E+2	4.1694E-1
7.8322E+2	4.0854E-1
7.8343E+2	4.0091E-1
7.8365E+2	4.0176E-1
7.8386E+2	4.0284E-1
7.8407E+2	4.0311E-1
7.8429E+2	4.0307E-1
7.8450E+2	3.8798E-1
7.8472E+2	3.9961E-1
7.8493E+2	4.0022E-1
7.8515E+2	3.9549E-1
7.8536E+2	3.8939E-1
7.8557E+2	3.9569E-1
7.8579E+2	3.8932E-1
7.8600E+2	3.8963E-1
7.8622E+2	3.8670E-1
7.8643E+2	3.8782E-1
7.8665E+2	3.8598E-1
7.8686E+2	3.8311E-1
7.8707E+2	3.7904E-1
7.8729E+2	3.7800E-1
7.8750E+2	3.7096E-1
7.8772E+2	3.7707E-1
7.8793E+2	3.6756E-1
7.8814E+2	3.6830E-1
7.8836E+2	3.6097E-1
7.8857E+2	3.6141E-1
7.8879E+2	3.5359E-1
7.8900E+2	3.5253E-1
7.8921E+2	3.4358E-1
7.8943E+2	3.4499E-1
7.8964E+2	3.4118E-1
7.8985E+2	3.3794E-1
7.9007E+2	3.3002E-1
7.9028E+2	3.3255E-1
7.9050E+2	3.3479E-1
7.9071E+2	3.3108E-1
7.9092E+2	3.2954E-1
7.9114E+2	3.2404E-1
7.9135E+2	3.2462E-1
7.9157E+2	3.1991E-1
7.9178E+2	3.1918E-1
7.9199E+2	3.2267E-1
7.9221E+2	3.1593E-1
7.9242E+2	3.1270E-1
7.9263E+2	3.1421E-1
7.9285E+2	3.0981E-1
7.9306E+2	3.0389E-1
7.9327E+2	3.0632E-1
7.9349E+2	3.0018E-1
7.9370E+2	2.9924E-1
7.9392E+2	2.9421E-1
7.9413E+2	2.8811E-1
7.9434E+2	2.8366E-1
7.9456E+2	2.8644E-1
7.9477E+2	2.8178E-1
7.9498E+2	2.7594E-1
7.9520E+2	2.7292E-1
7.9541E+2	2.6632E-1
7.9562E+2	2.7085E-1
7.9584E+2	2.6459E-1
7.9605E+2	2.5964E-1
7.9626E+2	2.6007E-1
7.9648E+2	2.5777E-1
7.9669E+2	2.5001E-1
7.9690E+2	2.5059E-1
7.9712E+2	2.4730E-1
7.9733E+2	2.4548E-1
7.9754E+2	2.4472E-1
7.9776E+2	2.4064E-1
7.9797E+2	2.3935E-1
7.9818E+2	2.3736E-1
7.9840E+2	2.3554E-1
7.9861E+2	2.3088E-1
7.9882E+2	2.2919E-1
7.9904E+2	2.2613E-1
7.9925E+2	2.2484E-1
7.9946E+2	2.2380E-1
7.9967E+2	2.1889E-1
7.9989E+2	2.1580E-1
8.0010E+2	2.1575E-1
8.0031E+2	2.0735E-1
8.0053E+2	2.0914E-1
8.0074E+2	2.0447E-1
8.0095E+2	2.0469E-1
8.0117E+2	2.0441E-1
8.0138E+2	1.9294E-1
8.0159E+2	1.8979E-1
8.0180E+2	1.8900E-1
8.0202E+2	1.8704E-1
8.0223E+2	1.8643E-1
8.0244E+2	1.8271E-1
8.0266E+2	1.8093E-1
8.0287E+2	1.8098E-1
8.0308E+2	1.7535E-1
8.0329E+2	1.7127E-1
8.0351E+2	1.7498E-1
8.0372E+2	1.6999E-1
8.0393E+2	1.6666E-1
8.0415E+2	1.6579E-1
8.0436E+2	1.6462E-1
8.0457E+2	1.6056E-1
8.0478E+2	1.5997E-1
8.0500E+2	1.6008E-1
8.0521E+2	1.5501E-1
8.0542E+2	1.5611E-1
8.0563E+2	1.5703E-1
8.0585E+2	1.5180E-1
8.0606E+2	1.4934E-1
8.0627E+2	1.4796E-1
8.0648E+2	1.4689E-1
8.0670E+2	1.4177E-1
8.0691E+2	1.4362E-1
8.0712E+2	1.3550E-1
8.0733E+2	1.3052E-1
8.0755E+2	1.3222E-1
8.0776E+2	1.2526E-1
8.0797E+2	1.2441E-1
8.0818E+2	1.2553E-1
8.0840E+2	1.2762E-1
8.0861E+2	1.2460E-1
8.0882E+2	1.2344E-1
8.0903E+2	1.1820E-1
8.0925E+2	1.1564E-1
8.0946E+2	1.1761E-1
8.0967E+2	1.1452E-1
8.0988E+2	1.1272E-1
8.1009E+2	1.1427E-1
8.1031E+2	1.0772E-1
8.1052E+2	1.0904E-1
8.1073E+2	1.0573E-1
8.1094E+2	1.0928E-1
8.1116E+2	1.0644E-1
8.1137E+2	1.0269E-1
8.1158E+2	9.9923E-2
8.1179E+2	1.0070E-1
8.1200E+2	9.8719E-2
8.1222E+2	9.7493E-2
8.1243E+2	9.5247E-2
8.1264E+2	9.4822E-2
8.1285E+2	9.5462E-2
8.1306E+2	9.1738E-2
8.1328E+2	9.1414E-2
8.1349E+2	8.8280E-2
8.1370E+2	8.5926E-2
8.1391E+2	8.5860E-2
8.1412E+2	8.3389E-2
8.1434E+2	8.0848E-2
8.1455E+2	8.1130E-2
8.1476E+2	7.6828E-2
8.1497E+2	7.7338E-2
8.1518E+2	7.4279E-2
8.1540E+2	7.4716E-2
8.1561E+2	7.3650E-2
8.1582E+2	7.4353E-2
8.1603E+2	7.1695E-2
8.1624E+2	7.1953E-2
8.1645E+2	6.8275E-2
8.1667E+2	6.9938E-2
8.1688E+2	6.8654E-2
8.1709E+2	6.8215E-2
8.1730E+2	6.4950E-2
8.1751E+2	6.4526E-2
8.1772E+2	6.4066E-2
8.1794E+2	6.3427E-2
8.1815E+2	6.0843E-2
8.1836E+2	6.1623E-2
8.1857E+2	5.9491E-2
8.1878E+2	5.8517E-2
8.1899E+2	5.5540E-2
8.1921E+2	5.6177E-2
8.1942E+2	5.7215E-2
8.1963E+2	5.5625E-2
8.1984E+2	5.3577E-2
8.2005E+2	5.4662E-2
8.2026E+2	5.0109E-2
8.2047E+2	4.9754E-2
8.2069E+2	5.0590E-2
8.2090E+2	4.8906E-2
8.2111E+2	4.5967E-2
8.2132E+2	4.7030E-2
8.2153E+2	4.3242E-2
8.2174E+2	4.4323E-2
8.2195E+2	4.4576E-2
8.2216E+2	4.2432E-2
8.2238E+2	4.4908E-2
8.2259E+2	4.3870E-2
8.2280E+2	4.4433E-2
8.2301E+2	4.6468E-2
8.2322E+2	4.7070E-2
8.2343E+2	5.0153E-2
8.2364E+2	4.7977E-2
8.2385E+2	4.8478E-2
8.2407E+2	4.4385E-2
8.2428E+2	4.3402E-2
8.2449E+2	3.7460E-2
8.2470E+2	3.6537E-2
8.2491E+2	3.6066E-2
8.2512E+2	3.6269E-2
8.2533E+2	3.5704E-2
8.2554E+2	3.6309E-2
8.2575E+2	3.3730E-2
8.2596E+2	3.6118E-2
8.2618E+2	3.2622E-2
8.2639E+2	3.3121E-2
8.2660E+2	3.1922E-2
8.2681E+2	3.3365E-2
8.2702E+2	2.8612E-2
8.2723E+2	3.0021E-2
8.2744E+2	2.8454E-2
8.2765E+2	2.5899E-2
8.2786E+2	2.5174E-2
8.2807E+2	2.7143E-2
8.2828E+2	2.6844E-2
8.2849E+2	2.6369E-2
8.2871E+2	2.7211E-2
8.2892E+2	2.6801E-2
8.2913E+2	2.3425E-2
8.2934E+2	2.8459E-2
8.2955E+2	2.4980E-2
8.2976E+2	2.3123E-2
8.2997E+2	2.4396E-2
8.3018E+2	2.3251E-2
8.3039E+2	2.3184E-2
8.3060E+2	2.3773E-2
8.3081E+2	2.1832E-2
8.3102E+2	2.3791E-2
8.3123E+2	2.1564E-2
8.3144E+2	2.1089E-2
8.3165E+2	2.1485E-2
8.3186E+2	2.0328E-2
8.3208E+2	1.9334E-2
8.3229E+2	2.0192E-2
8.3250E+2	1.8375E-2
8.3271E+2	2.2450E-2
8.3292E+2	2.0522E-2
8.3313E+2	2.0317E-2
8.3334E+2	2.0526E-2
8.3355E+2	2.0968E-2
8.3376E+2	2.1020E-2
8.3397E+2	1.6551E-2
8.3418E+2	1.7339E-2
8.3439E+2	1.7322E-2
8.3460E+2	1.5395E-2
8.3481E+2	1.5809E-2
8.3502E+2	1.6148E-2
8.3523E+2	1.4601E-2
8.3544E+2	1.4062E-2
8.3565E+2	1.4046E-2
8.3586E+2	1.5194E-2
8.3607E+2	1.5731E-2
8.3628E+2	1.3338E-2
8.3649E+2	1.5048E-2
8.3670E+2	1.4672E-2
8.3691E+2	1.5498E-2
8.3712E+2	1.4931E-2
8.3733E+2	1.4607E-2
8.3754E+2	1.5723E-2
8.3775E+2	1.5823E-2
8.3796E+2	1.1420E-2
8.3817E+2	1.2345E-2
8.3838E+2	1.2533E-2
8.3859E+2	1.0647E-2
8.3880E+2	1.1362E-2
8.3901E+2	1.1961E-2
8.3922E+2	1.4829E-2
8.3943E+2	1.2829E-2
8.3964E+2	1.5424E-2
8.3985E+2	1.3118E-2
8.4006E+2	1.3631E-2
8.4027E+2	1.3136E-2
8.4048E+2	1.0931E-2
8.4069E+2	7.9752E-3
8.4090E+2	9.6142E-3
8.4111E+2	1.0710E-2
8.4132E+2	8.5761E-3
8.4153E+2	1.0295E-2
8.4174E+2	1.0974E-2
8.4195E+2	9.6902E-3
8.4216E+2	9.1515E-3
8.4237E+2	1.0373E-2
8.4258E+2	9.7601E-3
8.4279E+2	1.0093E-2
8.4300E+2	1.1077E-2
8.4321E+2	1.1340E-2
8.4342E+2	9.1528E-3
8.4362E+2	9.8311E-3
8.4383E+2	8.4407E-3
8.4404E+2	7.1833E-3
8.4425E+2	9.2324E-3
8.4446E+2	9.8820E-3
8.4467E+2	9.2587E-3
8.4488E+2	9.8097E-3
8.4509E+2	8.6914E-3
8.4530E+2	8.0569E-3
8.4551E+2	8.8899E-3
8.4572E+2	5.9141E-3
8.4593E+2	7.0118E-3
8.4614E+2	8.5521E-3
8.4635E+2	6.7624E-3
8.4656E+2	7.2846E-3
8.4677E+2	7.1459E-3
8.4697E+2	6.4035E-3
8.4718E+2	5.2416E-3
8.4739E+2	9.3267E-3
8.4760E+2	7.7798E-3
8.4781E+2	7.3249E-3
8.4802E+2	9.3976E-3
8.4823E+2	5.8814E-3
8.4844E+2	7.0005E-3
8.4865E+2	8.5443E-3
8.4886E+2	4.7310E-3
8.4907E+2	7.4633E-3
8.4928E+2	7.3765E-3
8.4948E+2	6.0785E-3
8.4969E+2	5.8196E-3
8.4990E+2	7.4774E-3
8.5011E+2	5.9102E-3
8.5032E+2	4.3203E-3
8.5053E+2	5.3985E-3
8.5074E+2	6.3388E-3
8.5095E+2	5.2599E-3
8.5116E+2	6.7850E-3
8.5137E+2	4.7831E-3
8.5157E+2	4.8401E-3
8.5178E+2	5.0634E-3
8.5199E+2	5.9518E-3
8.5220E+2	1.9494E-3
8.5241E+2	3.8354E-3
8.5262E+2	4.9989E-3
8.5283E+2	6.9419E-3
8.5304E+2	5.5715E-3
8.5324E+2	6.3679E-3
8.5345E+2	4.4075E-3
8.5366E+2	4.5277E-3
8.5387E+2	4.3269E-3
8.5408E+2	5.9772E-3
8.5429E+2	5.0772E-3
8.5450E+2	6.9107E-3
8.5471E+2	5.6900E-3
8.5491E+2	5.4319E-3
8.5512E+2	4.2343E-3
8.5533E+2	5.6207E-3
8.5554E+2	5.1221E-3
8.5575E+2	4.1538E-3
8.5596E+2	3.7699E-3
8.5617E+2	4.9443E-3
8.5637E+2	1.7417E-3
8.5658E+2	3.7869E-3
8.5679E+2	2.5552E-3
8.5700E+2	3.7697E-3
8.5721E+2	5.6718E-3
8.5742E+2	4.7380E-3
8.5762E+2	6.7317E-3
8.5783E+2	5.8094E-3
8.5804E+2	4.0449E-3
8.5825E+2	5.2939E-3
8.5846E+2	3.3804E-3
8.5867E+2	3.3575E-3
8.5887E+2	3.5753E-3
8.5908E+2	1.3752E-3
8.5929E+2	4.0912E-3
8.5950E+2	3.5069E-3
8.5971E+2	2.3896E-3
8.5992E+2	5.1118E-3
8.6012E+2	4.2180E-3
8.6033E+2	5.0893E-3
8.6054E+2	3.1982E-3
8.6075E+2	4.6542E-3
8.6096E+2	5.5028E-3
8.6116E+2	4.5457E-3
8.6137E+2	5.8645E-3
8.6158E+2	3.5143E-3
8.6179E+2	1.6168E-3
8.6200E+2	5.7854E-3
8.6220E+2	2.6492E-3
8.6241E+2	2.8386E-3
8.6262E+2	2.4661E-3
8.6283E+2	2.5638E-3
8.6304E+2	1.2677E-3
8.6324E+2	2.4208E-3
8.6345E+2	1.9449E-3
8.6366E+2	3.1670E-3
8.6387E+2	1.1533E-3
8.6408E+2	2.9668E-3
8.6428E+2	1.1478E-3
8.6449E+2	4.2818E-3
8.6470E+2	4.8677E-3
8.6491E+2	3.7718E-3
8.6511E+2	3.1177E-3
8.6532E+2	4.9555E-3
8.6553E+2	4.5024E-3
8.6574E+2	3.0728E-3
8.6595E+2	9.9377E-4
8.6615E+2	2.9530E-3
8.6636E+2	4.2115E-3
8.6657E+2	2.4536E-3
8.6678E+2	3.7241E-3
8.6698E+2	2.0347E-3
8.6719E+2	1.7073E-3
8.6740E+2	3.2140E-3
8.6761E+2	4.3530E-3
8.6781E+2	3.0366E-3
8.6802E+2	2.1916E-3
8.6823E+2	1.9158E-3
8.6844E+2	4.8563E-3
8.6864E+2	7.7115E-4
8.6885E+2	2.4865E-3
8.6906E+2	2.3659E-3
8.6927E+2	4.6059E-4
8.6947E+2	3.8523E-3
8.6968E+2	2.5341E-3
8.6989E+2	1.4862E-3
8.7010E+2	3.8487E-3
8.7030E+2	3.1406E-3
8.7051E+2	3.2853E-3
8.7072E+2	2.8305E-3
8.7093E+2	1.5971E-3
8.7113E+2	4.0254E-3
8.7134E+2	3.5186E-3
8.7155E+2	2.1231E-3
8.7175E+2	1.9216E-3
8.7196E+2	1.2351E-3
8.7217E+2	2.1589E-3
8.7238E+2	3.6893E-3
8.7258E+2	1.9866E-3
8.7279E+2	3.0209E-3
8.7300E+2	7.3951E-4
8.7320E+2	2.9009E-3
8.7341E+2	4.9073E-3
8.7362E+2	3.0988E-3
