PLQY measurement:
Date: 	05.04.2023 10:22:59
Peak emission wavelength (nm): 776
 PLQY = 	 	1.96E-2
absorded light fraction (%): 87
MAYA saturard: FALSE
USB2000 saturaed: FALSE
wavelength	corrected total emission spec
6.5643E+2	3.8550E-3
6.5666E+2	1.2207E-3
6.5688E+2	-3.5564E-4
6.5711E+2	2.9761E-3
6.5733E+2	4.4060E-3
6.5755E+2	2.4605E-3
6.5778E+2	2.5756E-3
6.5800E+2	2.3196E-3
6.5823E+2	3.0708E-3
6.5845E+2	5.1932E-4
6.5867E+2	-4.2001E-3
6.5890E+2	5.1963E-3
6.5912E+2	1.7181E-3
6.5935E+2	4.8791E-3
6.5957E+2	-1.9451E-3
6.5980E+2	2.6570E-4
6.6002E+2	1.5088E-3
6.6024E+2	-5.9590E-4
6.6047E+2	9.9153E-5
6.6069E+2	4.2753E-3
6.6092E+2	2.7029E-3
6.6114E+2	3.6198E-3
6.6136E+2	1.0513E-3
6.6159E+2	1.8213E-3
6.6181E+2	2.7031E-3
6.6204E+2	-9.8129E-4
6.6226E+2	6.9882E-3
6.6248E+2	-2.7726E-3
6.6271E+2	2.6543E-3
6.6293E+2	4.6169E-3
6.6315E+2	-7.7901E-4
6.6338E+2	7.2301E-3
6.6360E+2	-8.7407E-4
6.6383E+2	5.8334E-3
6.6405E+2	-2.0003E-3
6.6427E+2	4.3323E-3
6.6450E+2	1.8983E-3
6.6472E+2	8.0309E-5
6.6494E+2	2.7258E-3
6.6517E+2	-1.3767E-3
6.6539E+2	1.5190E-3
6.6562E+2	-8.6210E-4
6.6584E+2	2.4385E-3
6.6606E+2	1.4638E-3
6.6629E+2	-1.4780E-3
6.6651E+2	6.0142E-3
6.6673E+2	3.1683E-5
6.6696E+2	3.3685E-3
6.6718E+2	5.2129E-3
6.6740E+2	2.1135E-3
6.6763E+2	1.7320E-3
6.6785E+2	2.4207E-3
6.6807E+2	5.0557E-3
6.6830E+2	5.6751E-3
6.6852E+2	5.4463E-3
6.6874E+2	6.2495E-3
6.6897E+2	5.1472E-3
6.6919E+2	6.9954E-3
6.6941E+2	-2.5667E-3
6.6964E+2	7.7645E-4
6.6986E+2	1.4728E-3
6.7008E+2	1.2543E-3
6.7031E+2	5.8752E-4
6.7053E+2	4.2754E-3
6.7075E+2	3.7904E-3
6.7098E+2	2.4317E-3
6.7120E+2	2.1514E-3
6.7142E+2	1.2886E-3
6.7165E+2	4.5331E-3
6.7187E+2	-1.8347E-4
6.7209E+2	3.4666E-3
6.7232E+2	3.9796E-3
6.7254E+2	2.8920E-3
6.7276E+2	7.5067E-3
6.7298E+2	5.0695E-3
6.7321E+2	3.6371E-4
6.7343E+2	5.6278E-3
6.7365E+2	6.7962E-4
6.7388E+2	4.4502E-3
6.7410E+2	3.7806E-3
6.7432E+2	3.0073E-3
6.7455E+2	5.1185E-3
6.7477E+2	5.3947E-4
6.7499E+2	9.6544E-3
6.7521E+2	5.3800E-3
6.7544E+2	4.9232E-3
6.7566E+2	5.3616E-3
6.7588E+2	7.2596E-3
6.7611E+2	4.4708E-3
6.7633E+2	6.6723E-4
6.7655E+2	3.7301E-3
6.7677E+2	7.3481E-3
6.7700E+2	1.0776E-3
6.7722E+2	7.3830E-3
6.7744E+2	6.5759E-3
6.7766E+2	9.1348E-3
6.7789E+2	3.6967E-3
6.7811E+2	3.6909E-3
6.7833E+2	3.8892E-3
6.7856E+2	8.9618E-3
6.7878E+2	4.1842E-3
6.7900E+2	2.5037E-3
6.7922E+2	-1.5984E-4
6.7945E+2	6.1360E-3
6.7967E+2	4.2721E-3
6.7989E+2	8.3751E-3
6.8011E+2	2.7151E-3
6.8034E+2	7.0643E-3
6.8056E+2	2.5474E-3
6.8078E+2	6.4402E-3
6.8100E+2	7.4780E-3
6.8123E+2	8.4680E-3
6.8145E+2	4.6915E-3
6.8167E+2	4.3123E-3
6.8189E+2	6.4039E-3
6.8212E+2	6.9918E-3
6.8234E+2	8.0316E-3
6.8256E+2	4.8532E-3
6.8278E+2	6.8745E-3
6.8300E+2	6.1420E-3
6.8323E+2	9.0699E-3
6.8345E+2	6.4450E-3
6.8367E+2	9.2923E-3
6.8389E+2	9.1549E-3
6.8412E+2	9.3228E-3
6.8434E+2	7.5265E-3
6.8456E+2	6.8560E-3
6.8478E+2	6.7921E-3
6.8500E+2	7.8001E-3
6.8523E+2	7.9815E-3
6.8545E+2	1.2181E-2
6.8567E+2	5.0667E-3
6.8589E+2	9.7196E-3
6.8611E+2	8.4443E-3
6.8634E+2	1.2175E-2
6.8656E+2	9.5324E-3
6.8678E+2	9.6729E-3
6.8700E+2	8.8323E-3
6.8722E+2	5.5758E-3
6.8745E+2	4.8120E-3
6.8767E+2	1.2577E-2
6.8789E+2	9.2000E-3
6.8811E+2	1.4167E-2
6.8833E+2	5.5451E-3
6.8856E+2	5.5627E-3
6.8878E+2	1.3395E-2
6.8900E+2	1.2709E-2
6.8922E+2	8.8551E-3
6.8944E+2	1.2259E-2
6.8966E+2	1.1806E-2
6.8989E+2	1.1011E-2
6.9011E+2	9.7555E-3
6.9033E+2	1.3902E-2
6.9055E+2	1.6466E-2
6.9077E+2	1.3701E-2
6.9099E+2	1.2650E-2
6.9122E+2	1.3696E-2
6.9144E+2	1.5537E-2
6.9166E+2	1.5630E-2
6.9188E+2	9.2609E-3
6.9210E+2	1.2112E-2
6.9232E+2	1.2633E-2
6.9255E+2	1.5665E-2
6.9277E+2	1.3725E-2
6.9299E+2	1.8243E-2
6.9321E+2	1.5003E-2
6.9343E+2	1.7433E-2
6.9365E+2	1.2957E-2
6.9387E+2	1.8299E-2
6.9410E+2	1.6923E-2
6.9432E+2	1.5496E-2
6.9454E+2	1.7984E-2
6.9476E+2	1.4779E-2
6.9498E+2	1.7373E-2
6.9520E+2	1.8163E-2
6.9542E+2	1.5515E-2
6.9565E+2	1.6134E-2
6.9587E+2	1.9553E-2
6.9609E+2	2.0496E-2
6.9631E+2	1.8340E-2
6.9653E+2	2.1712E-2
6.9675E+2	2.3264E-2
6.9697E+2	2.4044E-2
6.9719E+2	2.4864E-2
6.9742E+2	2.1028E-2
6.9764E+2	2.1156E-2
6.9786E+2	1.9313E-2
6.9808E+2	2.0307E-2
6.9830E+2	2.1036E-2
6.9852E+2	2.3861E-2
6.9874E+2	2.3339E-2
6.9896E+2	2.3652E-2
6.9918E+2	2.5515E-2
6.9941E+2	2.6947E-2
6.9963E+2	2.4412E-2
6.9985E+2	2.7379E-2
7.0007E+2	2.4076E-2
7.0029E+2	2.4811E-2
7.0051E+2	3.0190E-2
7.0073E+2	2.5325E-2
7.0095E+2	3.1924E-2
7.0117E+2	3.3801E-2
7.0139E+2	3.0733E-2
7.0161E+2	3.0914E-2
7.0184E+2	2.8386E-2
7.0206E+2	3.1903E-2
7.0228E+2	3.3690E-2
7.0250E+2	3.2271E-2
7.0272E+2	3.1121E-2
7.0294E+2	3.0575E-2
7.0316E+2	3.5358E-2
7.0338E+2	3.2638E-2
7.0360E+2	3.5651E-2
7.0382E+2	3.6148E-2
7.0404E+2	3.7118E-2
7.0426E+2	3.8536E-2
7.0448E+2	3.5846E-2
7.0470E+2	3.3984E-2
7.0492E+2	3.7128E-2
7.0515E+2	3.7569E-2
7.0537E+2	3.6685E-2
7.0559E+2	3.5125E-2
7.0581E+2	4.3190E-2
7.0603E+2	4.3546E-2
7.0625E+2	3.9183E-2
7.0647E+2	4.0752E-2
7.0669E+2	4.3987E-2
7.0691E+2	4.6645E-2
7.0713E+2	4.2387E-2
7.0735E+2	4.7834E-2
7.0757E+2	4.9092E-2
7.0779E+2	5.2065E-2
7.0801E+2	4.8931E-2
7.0823E+2	5.0143E-2
7.0845E+2	5.0242E-2
7.0867E+2	4.9971E-2
7.0889E+2	4.9881E-2
7.0911E+2	5.9081E-2
7.0933E+2	5.6506E-2
7.0955E+2	5.8627E-2
7.0977E+2	5.8896E-2
7.0999E+2	5.9340E-2
7.1021E+2	6.3120E-2
7.1043E+2	5.3823E-2
7.1065E+2	6.1969E-2
7.1087E+2	6.0530E-2
7.1109E+2	6.5868E-2
7.1131E+2	6.2970E-2
7.1153E+2	6.6752E-2
7.1175E+2	6.9716E-2
7.1197E+2	6.7486E-2
7.1219E+2	6.7644E-2
7.1241E+2	7.3408E-2
7.1263E+2	7.6683E-2
7.1285E+2	7.6673E-2
7.1307E+2	7.5022E-2
7.1329E+2	7.8920E-2
7.1351E+2	8.0222E-2
7.1373E+2	8.1100E-2
7.1395E+2	7.9520E-2
7.1417E+2	8.6534E-2
7.1439E+2	9.0811E-2
7.1461E+2	8.3081E-2
7.1483E+2	8.8893E-2
7.1505E+2	9.7321E-2
7.1527E+2	9.3182E-2
7.1549E+2	9.4816E-2
7.1571E+2	9.2358E-2
7.1593E+2	9.6120E-2
7.1615E+2	1.0169E-1
7.1637E+2	1.0282E-1
7.1659E+2	1.0149E-1
7.1681E+2	9.8056E-2
7.1703E+2	1.1034E-1
7.1725E+2	1.0316E-1
7.1747E+2	1.0718E-1
7.1769E+2	1.1031E-1
7.1791E+2	1.0948E-1
7.1813E+2	1.1615E-1
7.1835E+2	1.1768E-1
7.1857E+2	1.1952E-1
7.1879E+2	1.2403E-1
7.1901E+2	1.2774E-1
7.1923E+2	1.2885E-1
7.1944E+2	1.3325E-1
7.1966E+2	1.2852E-1
7.1988E+2	1.3378E-1
7.2010E+2	1.3586E-1
7.2032E+2	1.3408E-1
7.2054E+2	1.4781E-1
7.2076E+2	1.4506E-1
7.2098E+2	1.4177E-1
7.2120E+2	1.4644E-1
7.2142E+2	1.4665E-1
7.2164E+2	1.5376E-1
7.2186E+2	1.5120E-1
7.2208E+2	1.5501E-1
7.2230E+2	1.6254E-1
7.2252E+2	1.6149E-1
7.2273E+2	1.6729E-1
7.2295E+2	1.7049E-1
7.2317E+2	1.7662E-1
7.2339E+2	1.7813E-1
7.2361E+2	1.8064E-1
7.2383E+2	1.8270E-1
7.2405E+2	1.8792E-1
7.2427E+2	1.8975E-1
7.2449E+2	1.8484E-1
7.2471E+2	1.9403E-1
7.2493E+2	2.0005E-1
7.2514E+2	1.9406E-1
7.2536E+2	2.0413E-1
7.2558E+2	2.0740E-1
7.2580E+2	2.1352E-1
7.2602E+2	2.1247E-1
7.2624E+2	2.1189E-1
7.2646E+2	2.1907E-1
7.2668E+2	2.1819E-1
7.2690E+2	2.2709E-1
7.2711E+2	2.3116E-1
7.2733E+2	2.3611E-1
7.2755E+2	2.4126E-1
7.2777E+2	2.4527E-1
7.2799E+2	2.5088E-1
7.2821E+2	2.5642E-1
7.2843E+2	2.6116E-1
7.2865E+2	2.5714E-1
7.2886E+2	2.6509E-1
7.2908E+2	2.6793E-1
7.2930E+2	2.7423E-1
7.2952E+2	2.8334E-1
7.2974E+2	2.9129E-1
7.2996E+2	2.8808E-1
7.3018E+2	2.9552E-1
7.3039E+2	2.9612E-1
7.3061E+2	2.9955E-1
7.3083E+2	2.9826E-1
7.3105E+2	3.0847E-1
7.3127E+2	3.1399E-1
7.3149E+2	3.2187E-1
7.3171E+2	3.2528E-1
7.3192E+2	3.3391E-1
7.3214E+2	3.3900E-1
7.3236E+2	3.4128E-1
7.3258E+2	3.5690E-1
7.3280E+2	3.5672E-1
7.3302E+2	3.6861E-1
7.3323E+2	3.7359E-1
7.3345E+2	3.7184E-1
7.3367E+2	3.7970E-1
7.3389E+2	3.8756E-1
7.3411E+2	3.8774E-1
7.3433E+2	4.0599E-1
7.3454E+2	4.0635E-1
7.3476E+2	4.0797E-1
7.3498E+2	4.2246E-1
7.3520E+2	4.2453E-1
7.3542E+2	4.1904E-1
7.3564E+2	4.4217E-1
7.3585E+2	4.4453E-1
7.3607E+2	4.4039E-1
7.3629E+2	4.5868E-1
7.3651E+2	4.7162E-1
7.3673E+2	4.6749E-1
7.3694E+2	4.8611E-1
7.3716E+2	4.9077E-1
7.3738E+2	4.9852E-1
7.3760E+2	5.1191E-1
7.3782E+2	5.2285E-1
7.3803E+2	5.2807E-1
7.3825E+2	5.3635E-1
7.3847E+2	5.5646E-1
7.3869E+2	5.4902E-1
7.3891E+2	5.5471E-1
7.3912E+2	5.6468E-1
7.3934E+2	5.7637E-1
7.3956E+2	5.9091E-1
7.3978E+2	5.8100E-1
7.4000E+2	5.9160E-1
7.4021E+2	6.0651E-1
7.4043E+2	6.1176E-1
7.4065E+2	6.1534E-1
7.4087E+2	6.3236E-1
7.4108E+2	6.4549E-1
7.4130E+2	6.5882E-1
7.4152E+2	6.6595E-1
7.4174E+2	6.7405E-1
7.4196E+2	6.8686E-1
7.4217E+2	7.1226E-1
7.4239E+2	7.2391E-1
7.4261E+2	7.2805E-1
7.4283E+2	7.4787E-1
7.4304E+2	7.4799E-1
7.4326E+2	7.7027E-1
7.4348E+2	7.7313E-1
7.4370E+2	7.7874E-1
7.4391E+2	8.0404E-1
7.4413E+2	8.0636E-1
7.4435E+2	8.1625E-1
7.4457E+2	8.1778E-1
7.4478E+2	8.3445E-1
7.4500E+2	8.4911E-1
7.4522E+2	8.5846E-1
7.4544E+2	8.7638E-1
7.4565E+2	8.8603E-1
7.4587E+2	9.0055E-1
7.4609E+2	9.0817E-1
7.4631E+2	9.2999E-1
7.4652E+2	9.4545E-1
7.4674E+2	9.6073E-1
7.4696E+2	9.7210E-1
7.4717E+2	9.8908E-1
7.4739E+2	1.0135E+0
7.4761E+2	1.0370E+0
7.4783E+2	1.0409E+0
7.4804E+2	1.0626E+0
7.4826E+2	1.0748E+0
7.4848E+2	1.0968E+0
7.4869E+2	1.1106E+0
7.4891E+2	1.1131E+0
7.4913E+2	1.1380E+0
7.4935E+2	1.1529E+0
7.4956E+2	1.1610E+0
7.4978E+2	1.1826E+0
7.5000E+2	1.1843E+0
7.5021E+2	1.2054E+0
7.5043E+2	1.2201E+0
7.5065E+2	1.2364E+0
7.5087E+2	1.2467E+0
7.5108E+2	1.2667E+0
7.5130E+2	1.2976E+0
7.5152E+2	1.3019E+0
7.5173E+2	1.3180E+0
7.5195E+2	1.3538E+0
7.5217E+2	1.3775E+0
7.5238E+2	1.4112E+0
7.5260E+2	1.4135E+0
7.5282E+2	1.4413E+0
7.5303E+2	1.4517E+0
7.5325E+2	1.4762E+0
7.5347E+2	1.5002E+0
7.5368E+2	1.5296E+0
7.5390E+2	1.5356E+0
7.5412E+2	1.5556E+0
7.5433E+2	1.5728E+0
7.5455E+2	1.5912E+0
7.5477E+2	1.6117E+0
7.5498E+2	1.6239E+0
7.5520E+2	1.6363E+0
7.5542E+2	1.6610E+0
7.5563E+2	1.6777E+0
7.5585E+2	1.6879E+0
7.5607E+2	1.7113E+0
7.5628E+2	1.7392E+0
7.5650E+2	1.7551E+0
7.5672E+2	1.7850E+0
7.5693E+2	1.8120E+0
7.5715E+2	1.8325E+0
7.5737E+2	1.8494E+0
7.5758E+2	1.8778E+0
7.5780E+2	1.9123E+0
7.5802E+2	1.9294E+0
7.5823E+2	1.9755E+0
7.5845E+2	1.9799E+0
7.5866E+2	2.0197E+0
7.5888E+2	2.0226E+0
7.5910E+2	2.0496E+0
7.5931E+2	2.0799E+0
7.5953E+2	2.0922E+0
7.5975E+2	2.1125E+0
7.5996E+2	2.1282E+0
7.6018E+2	2.1522E+0
7.6040E+2	2.1601E+0
7.6061E+2	2.1880E+0
7.6083E+2	2.2151E+0
7.6104E+2	2.2171E+0
7.6126E+2	2.2348E+0
7.6148E+2	2.2644E+0
7.6169E+2	2.2805E+0
7.6191E+2	2.2963E+0
7.6212E+2	2.3145E+0
7.6234E+2	2.3525E+0
7.6256E+2	2.3822E+0
7.6277E+2	2.4106E+0
7.6299E+2	2.4449E+0
7.6320E+2	2.4812E+0
7.6342E+2	2.5006E+0
7.6364E+2	2.5365E+0
7.6385E+2	2.5696E+0
7.6407E+2	2.6084E+0
7.6428E+2	2.6107E+0
7.6450E+2	2.6388E+0
7.6472E+2	2.6525E+0
7.6493E+2	2.6754E+0
7.6515E+2	2.6815E+0
7.6536E+2	2.6960E+0
7.6558E+2	2.6927E+0
7.6579E+2	2.7268E+0
7.6601E+2	2.7322E+0
7.6623E+2	2.7335E+0
7.6644E+2	2.7494E+0
7.6666E+2	2.7567E+0
7.6687E+2	2.7989E+0
7.6709E+2	2.7905E+0
7.6730E+2	2.8166E+0
7.6752E+2	2.8488E+0
7.6774E+2	2.8571E+0
7.6795E+2	2.8866E+0
7.6817E+2	2.9122E+0
7.6838E+2	2.9503E+0
7.6860E+2	2.9786E+0
7.6881E+2	2.9922E+0
7.6903E+2	3.0119E+0
7.6925E+2	3.0433E+0
7.6946E+2	3.0476E+0
7.6968E+2	3.0729E+0
7.6989E+2	3.1175E+0
7.7011E+2	3.1228E+0
7.7032E+2	3.1132E+0
7.7054E+2	3.1237E+0
7.7075E+2	3.1264E+0
7.7097E+2	3.1258E+0
7.7118E+2	3.1275E+0
7.7140E+2	3.1409E+0
7.7161E+2	3.1343E+0
7.7183E+2	3.1400E+0
7.7205E+2	3.1403E+0
7.7226E+2	3.1524E+0
7.7248E+2	3.1497E+0
7.7269E+2	3.1380E+0
7.7291E+2	3.1570E+0
7.7312E+2	3.1524E+0
7.7334E+2	3.1826E+0
7.7355E+2	3.1887E+0
7.7377E+2	3.2042E+0
7.7398E+2	3.2185E+0
7.7420E+2	3.2439E+0
7.7441E+2	3.2486E+0
7.7463E+2	3.2715E+0
7.7484E+2	3.2894E+0
7.7506E+2	3.2718E+0
7.7527E+2	3.2901E+0
7.7549E+2	3.3009E+0
7.7570E+2	3.3119E+0
7.7592E+2	3.3207E+0
7.7613E+2	3.3024E+0
7.7635E+2	3.2874E+0
7.7656E+2	3.2818E+0
7.7678E+2	3.2685E+0
7.7699E+2	3.2584E+0
7.7721E+2	3.2376E+0
7.7742E+2	3.2140E+0
7.7764E+2	3.2050E+0
7.7785E+2	3.1768E+0
7.7807E+2	3.1603E+0
7.7828E+2	3.1728E+0
7.7850E+2	3.1462E+0
7.7871E+2	3.1500E+0
7.7893E+2	3.1375E+0
7.7914E+2	3.1454E+0
7.7936E+2	3.1322E+0
7.7957E+2	3.1198E+0
7.7978E+2	3.1355E+0
7.8000E+2	3.1155E+0
7.8021E+2	3.1321E+0
7.8043E+2	3.1252E+0
7.8064E+2	3.1092E+0
7.8086E+2	3.1078E+0
7.8107E+2	3.0986E+0
7.8129E+2	3.0911E+0
7.8150E+2	3.0790E+0
7.8172E+2	3.0616E+0
7.8193E+2	3.0542E+0
7.8214E+2	3.0200E+0
7.8236E+2	3.0087E+0
7.8257E+2	2.9870E+0
7.8279E+2	2.9717E+0
7.8300E+2	2.9358E+0
7.8322E+2	2.9114E+0
7.8343E+2	2.9061E+0
7.8365E+2	2.8756E+0
7.8386E+2	2.8568E+0
7.8407E+2	2.8375E+0
7.8429E+2	2.8199E+0
7.8450E+2	2.8125E+0
7.8472E+2	2.7925E+0
7.8493E+2	2.7618E+0
7.8515E+2	2.7818E+0
7.8536E+2	2.7668E+0
7.8557E+2	2.7545E+0
7.8579E+2	2.7419E+0
7.8600E+2	2.7401E+0
7.8622E+2	2.7332E+0
7.8643E+2	2.7200E+0
7.8665E+2	2.7136E+0
7.8686E+2	2.6754E+0
7.8707E+2	2.6899E+0
7.8729E+2	2.6471E+0
7.8750E+2	2.6251E+0
7.8772E+2	2.6118E+0
7.8793E+2	2.5870E+0
7.8814E+2	2.5680E+0
7.8836E+2	2.5341E+0
7.8857E+2	2.5276E+0
7.8879E+2	2.4881E+0
7.8900E+2	2.4650E+0
7.8921E+2	2.4404E+0
7.8943E+2	2.4078E+0
7.8964E+2	2.3799E+0
7.8985E+2	2.3635E+0
7.9007E+2	2.3365E+0
7.9028E+2	2.3273E+0
7.9050E+2	2.3110E+0
7.9071E+2	2.2981E+0
7.9092E+2	2.2857E+0
7.9114E+2	2.2795E+0
7.9135E+2	2.2525E+0
7.9157E+2	2.2437E+0
7.9178E+2	2.2188E+0
7.9199E+2	2.2255E+0
7.9221E+2	2.2216E+0
7.9242E+2	2.1917E+0
7.9263E+2	2.1760E+0
7.9285E+2	2.1664E+0
7.9306E+2	2.1423E+0
7.9327E+2	2.1382E+0
7.9349E+2	2.1137E+0
7.9370E+2	2.0880E+0
7.9392E+2	2.0604E+0
7.9413E+2	2.0361E+0
7.9434E+2	2.0053E+0
7.9456E+2	1.9953E+0
7.9477E+2	1.9570E+0
7.9498E+2	1.9352E+0
7.9520E+2	1.9194E+0
7.9541E+2	1.8868E+0
7.9562E+2	1.8494E+0
7.9584E+2	1.8393E+0
7.9605E+2	1.8186E+0
7.9626E+2	1.8005E+0
7.9648E+2	1.7841E+0
7.9669E+2	1.7542E+0
7.9690E+2	1.7524E+0
7.9712E+2	1.7235E+0
7.9733E+2	1.7079E+0
7.9754E+2	1.7053E+0
7.9776E+2	1.6840E+0
7.9797E+2	1.6635E+0
7.9818E+2	1.6507E+0
7.9840E+2	1.6388E+0
7.9861E+2	1.6170E+0
7.9882E+2	1.6191E+0
7.9904E+2	1.5960E+0
7.9925E+2	1.5760E+0
7.9946E+2	1.5626E+0
7.9967E+2	1.5401E+0
7.9989E+2	1.5155E+0
8.0010E+2	1.5056E+0
8.0031E+2	1.4857E+0
8.0053E+2	1.4670E+0
8.0074E+2	1.4456E+0
8.0095E+2	1.4238E+0
8.0117E+2	1.3981E+0
8.0138E+2	1.3844E+0
8.0159E+2	1.3630E+0
8.0180E+2	1.3416E+0
8.0202E+2	1.3279E+0
8.0223E+2	1.3069E+0
8.0244E+2	1.2824E+0
8.0266E+2	1.2650E+0
8.0287E+2	1.2715E+0
8.0308E+2	1.2456E+0
8.0329E+2	1.2280E+0
8.0351E+2	1.2143E+0
8.0372E+2	1.2110E+0
8.0393E+2	1.1969E+0
8.0415E+2	1.1839E+0
8.0436E+2	1.1816E+0
8.0457E+2	1.1669E+0
8.0478E+2	1.1561E+0
8.0500E+2	1.1362E+0
8.0521E+2	1.1177E+0
8.0542E+2	1.1136E+0
8.0563E+2	1.1017E+0
8.0585E+2	1.0793E+0
8.0606E+2	1.0656E+0
8.0627E+2	1.0421E+0
8.0648E+2	1.0266E+0
8.0670E+2	1.0250E+0
8.0691E+2	1.0035E+0
8.0712E+2	9.8886E-1
8.0733E+2	9.7020E-1
8.0755E+2	9.5099E-1
8.0776E+2	9.3284E-1
8.0797E+2	9.3348E-1
8.0818E+2	9.1318E-1
8.0840E+2	8.9752E-1
8.0861E+2	8.7548E-1
8.0882E+2	8.6402E-1
8.0903E+2	8.4767E-1
8.0925E+2	8.3837E-1
8.0946E+2	8.3510E-1
8.0967E+2	8.2066E-1
8.0988E+2	8.0868E-1
8.1009E+2	8.0357E-1
8.1031E+2	7.9602E-1
8.1052E+2	7.8085E-1
8.1073E+2	7.7683E-1
8.1094E+2	7.6129E-1
8.1116E+2	7.5378E-1
8.1137E+2	7.4383E-1
8.1158E+2	7.3676E-1
8.1179E+2	7.1883E-1
8.1200E+2	7.1335E-1
8.1222E+2	7.0154E-1
8.1243E+2	6.8782E-1
8.1264E+2	6.7606E-1
8.1285E+2	6.6063E-1
8.1306E+2	6.5096E-1
8.1328E+2	6.4511E-1
8.1349E+2	6.2720E-1
8.1370E+2	6.1312E-1
8.1391E+2	6.0951E-1
8.1412E+2	5.8891E-1
8.1434E+2	5.8214E-1
8.1455E+2	5.6906E-1
8.1476E+2	5.6117E-1
8.1497E+2	5.4999E-1
8.1518E+2	5.5021E-1
8.1540E+2	5.3636E-1
8.1561E+2	5.3180E-1
8.1582E+2	5.2472E-1
8.1603E+2	5.1261E-1
8.1624E+2	5.0990E-1
8.1645E+2	5.0401E-1
8.1667E+2	4.9130E-1
8.1688E+2	4.9199E-1
8.1709E+2	4.8264E-1
8.1730E+2	4.7373E-1
8.1751E+2	4.6928E-1
8.1772E+2	4.6131E-1
8.1794E+2	4.5526E-1
8.1815E+2	4.4815E-1
8.1836E+2	4.4207E-1
8.1857E+2	4.3028E-1
8.1878E+2	4.2606E-1
8.1899E+2	4.1984E-1
8.1921E+2	4.0690E-1
8.1942E+2	4.0501E-1
8.1963E+2	3.9677E-1
8.1984E+2	3.8377E-1
8.2005E+2	3.7647E-1
8.2026E+2	3.6928E-1
8.2047E+2	3.5972E-1
8.2069E+2	3.5605E-1
8.2090E+2	3.4822E-1
8.2111E+2	3.4094E-1
8.2132E+2	3.3366E-1
8.2153E+2	3.3087E-1
8.2174E+2	3.2292E-1
8.2195E+2	3.1766E-1
8.2216E+2	3.1797E-1
8.2238E+2	3.1077E-1
8.2259E+2	3.0125E-1
8.2280E+2	2.9795E-1
8.2301E+2	2.9993E-1
8.2322E+2	2.9535E-1
8.2343E+2	2.8964E-1
8.2364E+2	2.8686E-1
8.2385E+2	2.8737E-1
8.2407E+2	2.7603E-1
8.2428E+2	2.7771E-1
8.2449E+2	2.7438E-1
8.2470E+2	2.6595E-1
8.2491E+2	2.6099E-1
8.2512E+2	2.5605E-1
8.2533E+2	2.4573E-1
8.2554E+2	2.4892E-1
8.2575E+2	2.4051E-1
8.2596E+2	2.3743E-1
8.2618E+2	2.3144E-1
8.2639E+2	2.2708E-1
8.2660E+2	2.2144E-1
8.2681E+2	2.1489E-1
8.2702E+2	2.1357E-1
8.2723E+2	2.0676E-1
8.2744E+2	2.0371E-1
8.2765E+2	2.0244E-1
8.2786E+2	1.9495E-1
8.2807E+2	1.9287E-1
8.2828E+2	1.9160E-1
8.2849E+2	1.8901E-1
8.2871E+2	1.8691E-1
8.2892E+2	1.8137E-1
8.2913E+2	1.8019E-1
8.2934E+2	1.7515E-1
8.2955E+2	1.7155E-1
8.2976E+2	1.7052E-1
8.2997E+2	1.6709E-1
8.3018E+2	1.6577E-1
8.3039E+2	1.6104E-1
8.3060E+2	1.6119E-1
8.3081E+2	1.5720E-1
8.3102E+2	1.5693E-1
8.3123E+2	1.5216E-1
8.3144E+2	1.5229E-1
8.3165E+2	1.5033E-1
8.3186E+2	1.4688E-1
8.3208E+2	1.4844E-1
8.3229E+2	1.4275E-1
8.3250E+2	1.3924E-1
8.3271E+2	1.3729E-1
8.3292E+2	1.3339E-1
8.3313E+2	1.3165E-1
8.3334E+2	1.2723E-1
8.3355E+2	1.2370E-1
8.3376E+2	1.2516E-1
8.3397E+2	1.2116E-1
8.3418E+2	1.1624E-1
8.3439E+2	1.1262E-1
8.3460E+2	1.1331E-1
8.3481E+2	1.1301E-1
8.3502E+2	1.1011E-1
8.3523E+2	1.1035E-1
8.3544E+2	1.0723E-1
8.3565E+2	1.0450E-1
8.3586E+2	1.0122E-1
8.3607E+2	1.0106E-1
8.3628E+2	9.9550E-2
8.3649E+2	1.0052E-1
8.3670E+2	9.7356E-2
8.3691E+2	9.6052E-2
8.3712E+2	9.5479E-2
8.3733E+2	9.3898E-2
8.3754E+2	9.0741E-2
8.3775E+2	8.9382E-2
8.3796E+2	9.0201E-2
8.3817E+2	9.0366E-2
8.3838E+2	8.3488E-2
8.3859E+2	8.6826E-2
8.3880E+2	8.1933E-2
8.3901E+2	8.3880E-2
8.3922E+2	8.0583E-2
8.3943E+2	7.8734E-2
8.3964E+2	7.5302E-2
8.3985E+2	7.7192E-2
8.4006E+2	7.3675E-2
8.4027E+2	7.3550E-2
8.4048E+2	7.3677E-2
8.4069E+2	7.1736E-2
8.4090E+2	7.1575E-2
8.4111E+2	6.6822E-2
8.4132E+2	6.4769E-2
8.4153E+2	6.4945E-2
8.4174E+2	6.2235E-2
8.4195E+2	6.2845E-2
8.4216E+2	6.1874E-2
8.4237E+2	6.0573E-2
8.4258E+2	6.0735E-2
8.4279E+2	6.1161E-2
8.4300E+2	5.8542E-2
8.4321E+2	5.8508E-2
8.4342E+2	5.7257E-2
8.4362E+2	5.5661E-2
8.4383E+2	5.5784E-2
8.4404E+2	5.5186E-2
8.4425E+2	5.2561E-2
8.4446E+2	5.5382E-2
8.4467E+2	5.2696E-2
8.4488E+2	5.3930E-2
8.4509E+2	5.2217E-2
8.4530E+2	5.2796E-2
8.4551E+2	4.9392E-2
8.4572E+2	4.9125E-2
8.4593E+2	4.7656E-2
8.4614E+2	4.8166E-2
8.4635E+2	4.6537E-2
8.4656E+2	4.4995E-2
8.4677E+2	4.6871E-2
8.4697E+2	4.3531E-2
8.4718E+2	4.4048E-2
8.4739E+2	4.3582E-2
8.4760E+2	4.1904E-2
8.4781E+2	4.0709E-2
8.4802E+2	4.2410E-2
8.4823E+2	3.9889E-2
8.4844E+2	3.9011E-2
8.4865E+2	3.9012E-2
8.4886E+2	3.7653E-2
8.4907E+2	3.6036E-2
8.4928E+2	3.5958E-2
8.4948E+2	3.5708E-2
8.4969E+2	3.4539E-2
8.4990E+2	3.4633E-2
8.5011E+2	3.4273E-2
8.5032E+2	3.3163E-2
8.5053E+2	3.3148E-2
8.5074E+2	3.3398E-2
8.5095E+2	3.2437E-2
8.5116E+2	2.9750E-2
8.5137E+2	3.0867E-2
8.5157E+2	2.8972E-2
8.5178E+2	3.3184E-2
8.5199E+2	3.0791E-2
8.5220E+2	2.9631E-2
8.5241E+2	2.9462E-2
8.5262E+2	2.9162E-2
8.5283E+2	2.7641E-2
8.5304E+2	2.8408E-2
8.5324E+2	2.9192E-2
8.5345E+2	2.6863E-2
8.5366E+2	2.8295E-2
8.5387E+2	2.5990E-2
8.5408E+2	2.7576E-2
8.5429E+2	2.6802E-2
8.5450E+2	2.4061E-2
8.5471E+2	2.4611E-2
8.5491E+2	2.4994E-2
8.5512E+2	2.5228E-2
8.5533E+2	2.3411E-2
8.5554E+2	2.2242E-2
8.5575E+2	2.3009E-2
8.5596E+2	2.1531E-2
8.5617E+2	2.1232E-2
8.5637E+2	2.0132E-2
8.5658E+2	2.2561E-2
8.5679E+2	2.1375E-2
8.5700E+2	2.0665E-2
8.5721E+2	2.2017E-2
8.5742E+2	1.9170E-2
8.5762E+2	2.0894E-2
8.5783E+2	1.8099E-2
8.5804E+2	1.8145E-2
8.5825E+2	1.7704E-2
8.5846E+2	1.7996E-2
8.5867E+2	1.9395E-2
8.5887E+2	1.8112E-2
8.5908E+2	1.9017E-2
8.5929E+2	2.0422E-2
8.5950E+2	1.7288E-2
8.5971E+2	1.7432E-2
8.5992E+2	1.6991E-2
8.6012E+2	1.6327E-2
8.6033E+2	1.5640E-2
8.6054E+2	1.5658E-2
8.6075E+2	1.5407E-2
8.6096E+2	1.6600E-2
8.6116E+2	1.5065E-2
8.6137E+2	1.5100E-2
8.6158E+2	1.6740E-2
8.6179E+2	1.5216E-2
8.6200E+2	1.3853E-2
8.6220E+2	1.4657E-2
8.6241E+2	1.5977E-2
8.6262E+2	1.2107E-2
8.6283E+2	1.2853E-2
8.6304E+2	1.3457E-2
8.6324E+2	1.2942E-2
8.6345E+2	1.0786E-2
8.6366E+2	1.2244E-2
8.6387E+2	1.4568E-2
8.6408E+2	1.3244E-2
8.6428E+2	9.6301E-3
8.6449E+2	1.0980E-2
8.6470E+2	1.2651E-2
8.6491E+2	1.0471E-2
8.6511E+2	1.1322E-2
8.6532E+2	1.0870E-2
8.6553E+2	1.2996E-2
8.6574E+2	1.3497E-2
8.6595E+2	1.1494E-2
8.6615E+2	1.0370E-2
8.6636E+2	1.0670E-2
8.6657E+2	1.2171E-2
8.6678E+2	1.2810E-2
8.6698E+2	1.1927E-2
8.6719E+2	1.0457E-2
8.6740E+2	1.1039E-2
8.6761E+2	1.2421E-2
8.6781E+2	1.0433E-2
8.6802E+2	1.0676E-2
8.6823E+2	9.0668E-3
8.6844E+2	8.2339E-3
8.6864E+2	1.2315E-2
8.6885E+2	9.5605E-3
8.6906E+2	9.6824E-3
8.6927E+2	9.1081E-3
8.6947E+2	9.1558E-3
8.6968E+2	6.1856E-3
8.6989E+2	1.0098E-2
8.7010E+2	9.2990E-3
8.7030E+2	9.6695E-3
8.7051E+2	7.9538E-3
8.7072E+2	1.0751E-2
8.7093E+2	8.3778E-3
8.7113E+2	8.5986E-3
8.7134E+2	7.1525E-3
8.7155E+2	7.4367E-3
8.7175E+2	7.6459E-3
8.7196E+2	7.9933E-3
8.7217E+2	8.7971E-3
8.7238E+2	7.3209E-3
8.7258E+2	7.5709E-3
8.7279E+2	6.6310E-3
8.7300E+2	8.2444E-3
8.7320E+2	5.0044E-3
8.7341E+2	6.6471E-3
8.7362E+2	7.8107E-3
8.7383E+2	7.6332E-3
8.7403E+2	6.1659E-3
8.7424E+2	7.5501E-3
8.7445E+2	6.5219E-3
8.7465E+2	8.2889E-3
8.7486E+2	7.3177E-3
8.7507E+2	6.6649E-3
8.7527E+2	6.1743E-3
8.7548E+2	8.2094E-3
8.7569E+2	6.3455E-3
8.7590E+2	6.6544E-3
8.7610E+2	5.4444E-3
8.7631E+2	6.4723E-3
8.7652E+2	5.6619E-3
8.7672E+2	5.8376E-3
8.7693E+2	5.5722E-3
8.7714E+2	5.7827E-3
8.7734E+2	5.6566E-3
8.7755E+2	5.5943E-3
8.7776E+2	5.7290E-3
8.7796E+2	5.8990E-3
8.7817E+2	6.5925E-3
8.7838E+2	4.8208E-3
8.7858E+2	5.5784E-3
8.7879E+2	3.8578E-3
8.7900E+2	4.9881E-3
8.7920E+2	6.0027E-3
8.7941E+2	5.1135E-3
8.7962E+2	5.7967E-3
8.7982E+2	5.1749E-3
8.8003E+2	6.0277E-3
8.8024E+2	4.5601E-3
8.8044E+2	6.6615E-3
8.8065E+2	4.1254E-3
8.8086E+2	4.1151E-3
8.8106E+2	3.5263E-3
8.8127E+2	4.9931E-3
8.8148E+2	3.7563E-3
8.8168E+2	5.0432E-3
8.8189E+2	5.2554E-3
8.8209E+2	4.4092E-3
8.8230E+2	4.8729E-3
8.8251E+2	4.0378E-3
8.8271E+2	4.0509E-3
8.8292E+2	3.8005E-3
8.8313E+2	4.2646E-3
8.8333E+2	4.1079E-3
8.8354E+2	3.5759E-3
8.8374E+2	5.7646E-3
8.8395E+2	3.4964E-3
8.8416E+2	5.0112E-3
8.8436E+2	3.0875E-3
8.8457E+2	4.2630E-3
8.8478E+2	3.6361E-3
8.8498E+2	2.4739E-3
8.8519E+2	3.2744E-3
8.8539E+2	5.1163E-3
8.8560E+2	3.0121E-3
8.8581E+2	2.9780E-3
8.8601E+2	3.9329E-3
8.8622E+2	5.0536E-3
8.8642E+2	4.2424E-3
8.8663E+2	4.0908E-3
8.8684E+2	3.1902E-3
8.8704E+2	3.7402E-3
8.8725E+2	4.4617E-3
8.8745E+2	2.6450E-3
8.8766E+2	3.8269E-3
8.8787E+2	3.7219E-3
8.8807E+2	2.6419E-3
8.8828E+2	3.4885E-3
8.8848E+2	4.3121E-3
8.8869E+2	4.2548E-3
8.8890E+2	3.5106E-3
8.8910E+2	2.2565E-3
8.8931E+2	3.0989E-3
8.8951E+2	3.7641E-3
8.8972E+2	1.8858E-3
8.8992E+2	4.8531E-3
8.9013E+2	3.7868E-3
8.9034E+2	1.2767E-3
8.9054E+2	8.4357E-4
8.9075E+2	3.6076E-3
8.9095E+2	3.6330E-3
8.9116E+2	2.8430E-3
8.9136E+2	4.4625E-3
8.9157E+2	3.1787E-3
8.9177E+2	4.4368E-3
8.9198E+2	3.0327E-3
8.9219E+2	2.8731E-3
8.9239E+2	1.7354E-3
8.9260E+2	3.9378E-3
8.9280E+2	2.1250E-3
8.9301E+2	3.0039E-3
8.9321E+2	4.0270E-3
8.9342E+2	4.2381E-3
8.9362E+2	1.6207E-3
8.9383E+2	1.9326E-3
8.9404E+2	3.5976E-3
8.9424E+2	1.6410E-3
8.9445E+2	1.3961E-3
8.9465E+2	1.4447E-3
8.9486E+2	3.3642E-3
8.9506E+2	2.8916E-3
8.9527E+2	2.0107E-3
8.9547E+2	2.4080E-3
8.9568E+2	3.2684E-3
8.9588E+2	2.7410E-3
8.9609E+2	1.4013E-3
8.9629E+2	9.0858E-4
8.9650E+2	3.2208E-3
8.9670E+2	2.2406E-3
8.9691E+2	1.8259E-3
8.9711E+2	1.9595E-3
8.9732E+2	1.3633E-3
8.9752E+2	2.8427E-3
8.9773E+2	2.1256E-3
8.9793E+2	2.4107E-3
8.9814E+2	3.1857E-3
8.9834E+2	2.5220E-3
8.9855E+2	1.5370E-3
8.9875E+2	2.9182E-3
8.9896E+2	2.8768E-3
8.9916E+2	1.7996E-3
8.9937E+2	1.5823E-3
8.9957E+2	6.7329E-4
8.9978E+2	1.5779E-3
8.9998E+2	5.2282E-3
9.0019E+2	1.4642E-3
9.0039E+2	1.4771E-3
9.0060E+2	2.8829E-3
9.0080E+2	2.0082E-3
9.0101E+2	2.5816E-3
9.0121E+2	2.0713E-4
9.0142E+2	1.3715E-3
9.0162E+2	3.7203E-4
9.0183E+2	2.0686E-3
9.0203E+2	1.8744E-3
9.0224E+2	3.0422E-3
9.0244E+2	5.0727E-4
9.0265E+2	1.2289E-3
9.0285E+2	1.8280E-3
9.0306E+2	1.9372E-3
9.0326E+2	2.6065E-3
9.0346E+2	2.3742E-3
9.0367E+2	2.2667E-3
9.0387E+2	2.6582E-3
9.0408E+2	2.2692E-3
9.0428E+2	1.1408E-3
9.0449E+2	2.4435E-3
9.0469E+2	1.5367E-3
9.0490E+2	2.7168E-3
9.0510E+2	3.0541E-3
9.0531E+2	2.1928E-3
9.0551E+2	2.6402E-3
9.0571E+2	2.6341E-3
9.0592E+2	7.1673E-4
9.0612E+2	2.0767E-3
9.0633E+2	1.5682E-3
9.0653E+2	1.9051E-3
9.0674E+2	2.5606E-3
9.0694E+2	1.8868E-3
9.0714E+2	2.7505E-3
9.0735E+2	2.4687E-3
9.0755E+2	2.4320E-3
9.0776E+2	2.9711E-3
9.0796E+2	1.8868E-3
9.0817E+2	4.7292E-3
9.0837E+2	2.3033E-3
9.0857E+2	2.9772E-3
9.0878E+2	2.3891E-3
9.0898E+2	1.8990E-3
9.0919E+2	3.3019E-3
9.0939E+2	2.8853E-3
9.0959E+2	2.3033E-3
9.0980E+2	2.9772E-3
9.1000E+2	1.2436E-3
9.1021E+2	-1.1639E-4
