PLQY measurement:
Date: 	11.05.2023 13:53:19
Peak emission wavelength (nm): 755
 PLQY = 	 	3.32E-3
absorded light fraction (%): 77
MAYA saturard: FALSE
USB2000 saturaed: FALSE
wavelength	corrected total emission spec
6.8878E+2	2.4589E-3
6.8900E+2	1.0851E-3
6.8922E+2	3.3308E-3
6.8944E+2	4.9740E-3
6.8966E+2	2.8335E-3
6.8989E+2	8.1942E-3
6.9011E+2	4.3193E-3
6.9033E+2	3.2506E-3
6.9055E+2	3.7276E-3
6.9077E+2	7.8350E-3
6.9099E+2	1.3773E-3
6.9122E+2	6.0470E-3
6.9144E+2	8.6615E-4
6.9166E+2	4.4430E-3
6.9188E+2	5.3944E-3
6.9210E+2	9.0208E-4
6.9232E+2	3.3106E-3
6.9255E+2	4.2037E-3
6.9277E+2	8.9737E-4
6.9299E+2	2.1354E-3
6.9321E+2	2.8426E-3
6.9343E+2	4.9001E-3
6.9365E+2	4.2096E-3
6.9387E+2	3.4580E-3
6.9410E+2	2.6418E-3
6.9432E+2	3.0680E-3
6.9454E+2	2.8932E-3
6.9476E+2	5.0868E-3
6.9498E+2	5.0288E-3
6.9520E+2	4.5538E-3
6.9542E+2	6.2553E-3
6.9565E+2	4.6412E-3
6.9587E+2	7.5758E-3
6.9609E+2	7.1673E-3
6.9631E+2	3.5651E-3
6.9653E+2	3.5588E-3
6.9675E+2	1.8981E-3
6.9697E+2	8.5314E-3
6.9719E+2	6.6379E-3
6.9742E+2	5.8347E-3
6.9764E+2	3.3264E-3
6.9786E+2	6.0432E-3
6.9808E+2	6.4428E-3
6.9830E+2	4.5295E-3
6.9852E+2	4.8761E-3
6.9874E+2	4.9307E-3
6.9896E+2	-1.2116E-3
6.9918E+2	8.7487E-3
6.9941E+2	5.9407E-3
6.9963E+2	4.6110E-3
6.9985E+2	4.7658E-3
7.0007E+2	2.4039E-3
7.0029E+2	6.4903E-3
7.0051E+2	4.7070E-3
7.0073E+2	4.8856E-3
7.0095E+2	3.6951E-3
7.0117E+2	7.4436E-3
7.0139E+2	3.0646E-3
7.0161E+2	5.1275E-3
7.0184E+2	5.3534E-3
7.0206E+2	6.2573E-3
7.0228E+2	2.2559E-3
7.0250E+2	5.6493E-3
7.0272E+2	9.2882E-3
7.0294E+2	8.3029E-3
7.0316E+2	7.0642E-3
7.0338E+2	5.8819E-3
7.0360E+2	4.0412E-3
7.0382E+2	6.4838E-3
7.0404E+2	7.3847E-3
7.0426E+2	7.4812E-3
7.0448E+2	8.8189E-3
7.0470E+2	3.4275E-3
7.0492E+2	8.8860E-3
7.0515E+2	3.3671E-3
7.0537E+2	6.0960E-3
7.0559E+2	6.1731E-3
7.0581E+2	6.1872E-3
7.0603E+2	3.1421E-3
7.0625E+2	7.6378E-3
7.0647E+2	7.6844E-3
7.0669E+2	4.6434E-3
7.0691E+2	5.0769E-3
7.0713E+2	8.2681E-3
7.0735E+2	4.4770E-3
7.0757E+2	5.8682E-3
7.0779E+2	4.4049E-3
7.0801E+2	5.7218E-3
7.0823E+2	5.4167E-3
7.0845E+2	8.1990E-3
7.0867E+2	7.8245E-3
7.0889E+2	1.0597E-2
7.0911E+2	6.4499E-3
7.0933E+2	1.0758E-2
7.0955E+2	7.2801E-3
7.0977E+2	8.2403E-3
7.0999E+2	1.0232E-2
7.1021E+2	9.9344E-3
7.1043E+2	6.5841E-3
7.1065E+2	7.5694E-3
7.1087E+2	6.4142E-3
7.1109E+2	9.4791E-3
7.1131E+2	1.3905E-2
7.1153E+2	9.3073E-3
7.1175E+2	8.3940E-3
7.1197E+2	1.1807E-2
7.1219E+2	1.1100E-2
7.1241E+2	9.4779E-3
7.1263E+2	1.4226E-2
7.1285E+2	1.2319E-2
7.1307E+2	8.8864E-3
7.1329E+2	1.2035E-2
7.1351E+2	1.0299E-2
7.1373E+2	8.8524E-3
7.1395E+2	9.4704E-3
7.1417E+2	1.4443E-2
7.1439E+2	7.1425E-3
7.1461E+2	1.4665E-2
7.1483E+2	1.2885E-2
7.1505E+2	1.5927E-2
7.1527E+2	1.1098E-2
7.1549E+2	1.2189E-2
7.1571E+2	1.2179E-2
7.1593E+2	1.7790E-2
7.1615E+2	1.6077E-2
7.1637E+2	1.8538E-2
7.1659E+2	1.7454E-2
7.1681E+2	1.4231E-2
7.1703E+2	2.2039E-2
7.1725E+2	1.8974E-2
7.1747E+2	1.7894E-2
7.1769E+2	1.6794E-2
7.1791E+2	1.8768E-2
7.1813E+2	1.6540E-2
7.1835E+2	1.7365E-2
7.1857E+2	2.0277E-2
7.1879E+2	2.2929E-2
7.1901E+2	2.0231E-2
7.1923E+2	1.8203E-2
7.1944E+2	1.9464E-2
7.1966E+2	2.0906E-2
7.1988E+2	2.2128E-2
7.2010E+2	1.9896E-2
7.2032E+2	1.7517E-2
7.2054E+2	2.2661E-2
7.2076E+2	2.2762E-2
7.2098E+2	1.7951E-2
7.2120E+2	2.1808E-2
7.2142E+2	2.3087E-2
7.2164E+2	1.7346E-2
7.2186E+2	2.1725E-2
7.2208E+2	2.1998E-2
7.2230E+2	2.5871E-2
7.2252E+2	2.1957E-2
7.2273E+2	2.3605E-2
7.2295E+2	2.3510E-2
7.2317E+2	2.4054E-2
7.2339E+2	2.6942E-2
7.2361E+2	2.6103E-2
7.2383E+2	2.7320E-2
7.2405E+2	2.7093E-2
7.2427E+2	3.0550E-2
7.2449E+2	2.6711E-2
7.2471E+2	2.9524E-2
7.2493E+2	3.1048E-2
7.2514E+2	2.7825E-2
7.2536E+2	3.0378E-2
7.2558E+2	2.8752E-2
7.2580E+2	3.1093E-2
7.2602E+2	2.9702E-2
7.2624E+2	3.1077E-2
7.2646E+2	3.1580E-2
7.2668E+2	2.9430E-2
7.2690E+2	2.8025E-2
7.2711E+2	3.3000E-2
7.2733E+2	3.3024E-2
7.2755E+2	3.3785E-2
7.2777E+2	3.3868E-2
7.2799E+2	3.3315E-2
7.2821E+2	3.5132E-2
7.2843E+2	3.7481E-2
7.2865E+2	3.9040E-2
7.2886E+2	4.1295E-2
7.2908E+2	3.8644E-2
7.2930E+2	4.1141E-2
7.2952E+2	4.0665E-2
7.2974E+2	4.0050E-2
7.2996E+2	3.8391E-2
7.3018E+2	3.7201E-2
7.3039E+2	3.8638E-2
7.3061E+2	4.0062E-2
7.3083E+2	4.1461E-2
7.3105E+2	3.9852E-2
7.3127E+2	4.3403E-2
7.3149E+2	4.7108E-2
7.3171E+2	4.3558E-2
7.3192E+2	4.5475E-2
7.3214E+2	4.6187E-2
7.3236E+2	4.8272E-2
7.3258E+2	4.8463E-2
7.3280E+2	4.3706E-2
7.3302E+2	4.9768E-2
7.3323E+2	4.7923E-2
7.3345E+2	5.2340E-2
7.3367E+2	4.7598E-2
7.3389E+2	5.1485E-2
7.3411E+2	5.2741E-2
7.3433E+2	5.3059E-2
7.3454E+2	5.2237E-2
7.3476E+2	5.3468E-2
7.3498E+2	5.3542E-2
7.3520E+2	5.3574E-2
7.3542E+2	5.2563E-2
7.3564E+2	5.5636E-2
7.3585E+2	5.2236E-2
7.3607E+2	5.6803E-2
7.3629E+2	5.7485E-2
7.3651E+2	5.6972E-2
7.3673E+2	5.9400E-2
7.3694E+2	5.8590E-2
7.3716E+2	6.1304E-2
7.3738E+2	6.5645E-2
7.3760E+2	6.3869E-2
7.3782E+2	6.3207E-2
7.3803E+2	6.2093E-2
7.3825E+2	6.7456E-2
7.3847E+2	6.7114E-2
7.3869E+2	6.9862E-2
7.3891E+2	6.9261E-2
7.3912E+2	6.9423E-2
7.3934E+2	7.0392E-2
7.3956E+2	7.1182E-2
7.3978E+2	7.2691E-2
7.4000E+2	7.5908E-2
7.4021E+2	7.3509E-2
7.4043E+2	6.9758E-2
7.4065E+2	7.0503E-2
7.4087E+2	7.7766E-2
7.4108E+2	7.4626E-2
7.4130E+2	7.5964E-2
7.4152E+2	7.8782E-2
7.4174E+2	7.8729E-2
7.4196E+2	7.8549E-2
7.4217E+2	8.2572E-2
7.4239E+2	7.7559E-2
7.4261E+2	8.5351E-2
7.4283E+2	7.9600E-2
7.4304E+2	8.0515E-2
7.4326E+2	8.5672E-2
7.4348E+2	8.9312E-2
7.4370E+2	8.7228E-2
7.4391E+2	8.7914E-2
7.4413E+2	8.7319E-2
7.4435E+2	8.7632E-2
7.4457E+2	8.8408E-2
7.4478E+2	8.9833E-2
7.4500E+2	8.5467E-2
7.4522E+2	8.8570E-2
7.4544E+2	9.0063E-2
7.4565E+2	9.0036E-2
7.4587E+2	8.8617E-2
7.4609E+2	9.2045E-2
7.4631E+2	9.4692E-2
7.4652E+2	1.0063E-1
7.4674E+2	9.3205E-2
7.4696E+2	9.5669E-2
7.4717E+2	9.5286E-2
7.4739E+2	9.4736E-2
7.4761E+2	1.0012E-1
7.4783E+2	1.0024E-1
7.4804E+2	1.0148E-1
7.4826E+2	9.9072E-2
7.4848E+2	1.0271E-1
7.4869E+2	9.9373E-2
7.4891E+2	1.0445E-1
7.4913E+2	9.9799E-2
7.4935E+2	1.0320E-1
7.4956E+2	9.9109E-2
7.4978E+2	1.0408E-1
7.5000E+2	1.0201E-1
7.5021E+2	1.0209E-1
7.5043E+2	1.0243E-1
7.5065E+2	1.0247E-1
7.5087E+2	1.0439E-1
7.5108E+2	1.0624E-1
7.5130E+2	1.0175E-1
7.5152E+2	1.0200E-1
7.5173E+2	1.0433E-1
7.5195E+2	1.0758E-1
7.5217E+2	1.0762E-1
7.5238E+2	1.0293E-1
7.5260E+2	1.0766E-1
7.5282E+2	1.1036E-1
7.5303E+2	1.0408E-1
7.5325E+2	1.0487E-1
7.5347E+2	1.0681E-1
7.5368E+2	1.0761E-1
7.5390E+2	1.0659E-1
7.5412E+2	1.0895E-1
7.5433E+2	1.0898E-1
7.5455E+2	1.1396E-1
7.5477E+2	1.0735E-1
7.5498E+2	1.1047E-1
7.5520E+2	1.0332E-1
7.5542E+2	1.0745E-1
7.5563E+2	1.0799E-1
7.5585E+2	1.0556E-1
7.5607E+2	1.0597E-1
7.5628E+2	1.0632E-1
7.5650E+2	1.0330E-1
7.5672E+2	1.0626E-1
7.5693E+2	1.0831E-1
7.5715E+2	1.0613E-1
7.5737E+2	1.0673E-1
7.5758E+2	1.0560E-1
7.5780E+2	1.0765E-1
7.5802E+2	1.0474E-1
7.5823E+2	1.0552E-1
7.5845E+2	1.0795E-1
7.5866E+2	1.0634E-1
7.5888E+2	1.0756E-1
7.5910E+2	1.0715E-1
7.5931E+2	1.0552E-1
7.5953E+2	1.0320E-1
7.5975E+2	1.0571E-1
7.5996E+2	1.0617E-1
7.6018E+2	1.0587E-1
7.6040E+2	1.0165E-1
7.6061E+2	1.0062E-1
7.6083E+2	1.0062E-1
7.6104E+2	1.0285E-1
7.6126E+2	9.9204E-2
7.6148E+2	1.0246E-1
7.6169E+2	1.0131E-1
7.6191E+2	9.9758E-2
7.6212E+2	9.7482E-2
7.6234E+2	1.0165E-1
7.6256E+2	9.7474E-2
7.6277E+2	9.7641E-2
7.6299E+2	1.0115E-1
7.6320E+2	9.7031E-2
7.6342E+2	9.3844E-2
7.6364E+2	1.0067E-1
7.6385E+2	9.6175E-2
7.6407E+2	9.5340E-2
7.6428E+2	9.5672E-2
7.6450E+2	9.4114E-2
7.6472E+2	9.5221E-2
7.6493E+2	9.5141E-2
7.6515E+2	9.2340E-2
7.6536E+2	9.6227E-2
7.6558E+2	9.2132E-2
7.6579E+2	8.9409E-2
7.6601E+2	9.1796E-2
7.6623E+2	9.0185E-2
7.6644E+2	9.0237E-2
7.6666E+2	9.0277E-2
7.6687E+2	9.0267E-2
7.6709E+2	8.7355E-2
7.6730E+2	9.1669E-2
7.6752E+2	8.6829E-2
7.6774E+2	9.0246E-2
7.6795E+2	8.5301E-2
7.6817E+2	8.6340E-2
7.6838E+2	8.5604E-2
7.6860E+2	8.2138E-2
7.6881E+2	8.6744E-2
7.6903E+2	8.6595E-2
7.6925E+2	8.2695E-2
7.6946E+2	8.2600E-2
7.6968E+2	9.0661E-2
7.6989E+2	9.1000E-2
7.7011E+2	9.2345E-2
7.7032E+2	9.2189E-2
7.7054E+2	9.3852E-2
7.7075E+2	9.1223E-2
7.7097E+2	8.5967E-2
7.7118E+2	8.0080E-2
7.7140E+2	7.6678E-2
7.7161E+2	7.5273E-2
7.7183E+2	7.2398E-2
7.7205E+2	7.7668E-2
7.7226E+2	7.3628E-2
7.7248E+2	7.1535E-2
7.7269E+2	7.2087E-2
7.7291E+2	6.9950E-2
7.7312E+2	7.1322E-2
7.7334E+2	7.0289E-2
7.7355E+2	7.1997E-2
7.7377E+2	6.9339E-2
7.7398E+2	6.8518E-2
7.7420E+2	6.9743E-2
7.7441E+2	6.9058E-2
7.7463E+2	6.9485E-2
7.7484E+2	7.1165E-2
7.7506E+2	7.0409E-2
7.7527E+2	6.8495E-2
7.7549E+2	6.7207E-2
7.7570E+2	6.9029E-2
7.7592E+2	6.4736E-2
7.7613E+2	6.3316E-2
7.7635E+2	6.3580E-2
7.7656E+2	6.0477E-2
7.7678E+2	6.0875E-2
7.7699E+2	6.0065E-2
7.7721E+2	5.8373E-2
7.7742E+2	6.4375E-2
7.7764E+2	6.1030E-2
7.7785E+2	5.5082E-2
7.7807E+2	5.6467E-2
7.7828E+2	5.7869E-2
7.7850E+2	5.5950E-2
7.7871E+2	5.5812E-2
7.7893E+2	5.4846E-2
7.7914E+2	5.6217E-2
7.7936E+2	5.2393E-2
7.7957E+2	5.4146E-2
7.7978E+2	5.4698E-2
7.8000E+2	5.0563E-2
7.8021E+2	5.3365E-2
7.8043E+2	4.9874E-2
7.8064E+2	5.3760E-2
7.8086E+2	4.7777E-2
7.8107E+2	4.8566E-2
7.8129E+2	4.7095E-2
7.8150E+2	4.7480E-2
7.8172E+2	4.6971E-2
7.8193E+2	4.7636E-2
7.8214E+2	4.7934E-2
7.8236E+2	4.5096E-2
7.8257E+2	4.6901E-2
7.8279E+2	4.3616E-2
7.8300E+2	4.3186E-2
7.8322E+2	4.2925E-2
7.8343E+2	4.2385E-2
7.8365E+2	3.8068E-2
7.8386E+2	3.8738E-2
7.8407E+2	3.9271E-2
7.8429E+2	4.1330E-2
7.8450E+2	3.8908E-2
7.8472E+2	3.8282E-2
7.8493E+2	3.7996E-2
7.8515E+2	3.6946E-2
7.8536E+2	3.7269E-2
7.8557E+2	3.7847E-2
7.8579E+2	3.3485E-2
7.8600E+2	3.5723E-2
7.8622E+2	3.6544E-2
7.8643E+2	3.4233E-2
7.8665E+2	3.5635E-2
7.8686E+2	3.5664E-2
7.8707E+2	3.4944E-2
7.8729E+2	2.8949E-2
7.8750E+2	3.3478E-2
7.8772E+2	3.0760E-2
7.8793E+2	3.1032E-2
7.8814E+2	2.9184E-2
7.8836E+2	2.8909E-2
7.8857E+2	3.0377E-2
7.8879E+2	2.9992E-2
7.8900E+2	2.6213E-2
7.8921E+2	2.8272E-2
7.8943E+2	2.7645E-2
7.8964E+2	2.4172E-2
7.8985E+2	2.6381E-2
7.9007E+2	2.6814E-2
7.9028E+2	2.3787E-2
7.9050E+2	2.4959E-2
7.9071E+2	2.5976E-2
7.9092E+2	2.3976E-2
7.9114E+2	2.3480E-2
7.9135E+2	2.3943E-2
7.9157E+2	2.4076E-2
7.9178E+2	2.3864E-2
7.9199E+2	2.2442E-2
7.9221E+2	2.2871E-2
7.9242E+2	2.3934E-2
7.9263E+2	2.2517E-2
7.9285E+2	2.4752E-2
7.9306E+2	2.0822E-2
7.9327E+2	2.2135E-2
7.9349E+2	2.1644E-2
7.9370E+2	2.2871E-2
7.9392E+2	2.1753E-2
7.9413E+2	2.2774E-2
7.9434E+2	1.9565E-2
7.9456E+2	1.9278E-2
7.9477E+2	1.9881E-2
7.9498E+2	1.9915E-2
7.9520E+2	2.0017E-2
7.9541E+2	1.7458E-2
7.9562E+2	1.8099E-2
7.9584E+2	1.8652E-2
7.9605E+2	1.7391E-2
7.9626E+2	1.7702E-2
7.9648E+2	1.7371E-2
7.9669E+2	1.7310E-2
7.9690E+2	1.7444E-2
7.9712E+2	1.7481E-2
7.9733E+2	1.7620E-2
7.9754E+2	1.7217E-2
7.9776E+2	1.4418E-2
7.9797E+2	1.5708E-2
7.9818E+2	1.5151E-2
7.9840E+2	1.4295E-2
7.9861E+2	1.5340E-2
7.9882E+2	1.6820E-2
7.9904E+2	1.4807E-2
7.9925E+2	1.5707E-2
7.9946E+2	1.3217E-2
7.9967E+2	1.2994E-2
7.9989E+2	1.5821E-2
8.0010E+2	1.2362E-2
8.0031E+2	1.4297E-2
8.0053E+2	1.3651E-2
8.0074E+2	1.3321E-2
8.0095E+2	1.1962E-2
8.0117E+2	1.1806E-2
8.0138E+2	1.1052E-2
8.0159E+2	1.2737E-2
8.0180E+2	1.3073E-2
8.0202E+2	1.2570E-2
8.0223E+2	8.6270E-3
8.0244E+2	1.2085E-2
8.0266E+2	1.0228E-2
8.0287E+2	1.0142E-2
8.0308E+2	1.0636E-2
8.0329E+2	1.0005E-2
8.0351E+2	1.1195E-2
8.0372E+2	1.1581E-2
8.0393E+2	8.6598E-3
8.0415E+2	8.9031E-3
8.0436E+2	1.0359E-2
8.0457E+2	8.7756E-3
8.0478E+2	1.0783E-2
8.0500E+2	1.0385E-2
8.0521E+2	9.4545E-3
8.0542E+2	9.5664E-3
8.0563E+2	1.1085E-2
8.0585E+2	8.6937E-3
8.0606E+2	8.3171E-3
8.0627E+2	9.9962E-3
8.0648E+2	7.9382E-3
8.0670E+2	9.7745E-3
8.0691E+2	9.6758E-3
8.0712E+2	8.3061E-3
8.0733E+2	8.9671E-3
8.0755E+2	9.5410E-3
8.0776E+2	1.0231E-2
8.0797E+2	8.5093E-3
8.0818E+2	8.1109E-3
8.0840E+2	8.0507E-3
8.0861E+2	7.7938E-3
8.0882E+2	7.1687E-3
8.0903E+2	7.1828E-3
8.0925E+2	7.2829E-3
8.0946E+2	8.2720E-3
8.0967E+2	8.6120E-3
8.0988E+2	5.3299E-3
8.1009E+2	9.6005E-3
8.1031E+2	7.4837E-3
8.1052E+2	6.6721E-3
8.1073E+2	6.2282E-3
8.1094E+2	8.7718E-3
8.1116E+2	7.0024E-3
8.1137E+2	7.1584E-3
8.1158E+2	7.4781E-3
8.1179E+2	6.9739E-3
8.1200E+2	6.6105E-3
8.1222E+2	6.3632E-3
8.1243E+2	6.8708E-3
8.1264E+2	5.7599E-3
8.1285E+2	5.9938E-3
8.1306E+2	8.1973E-3
8.1328E+2	6.4381E-3
8.1349E+2	6.4527E-3
8.1370E+2	6.6129E-3
8.1391E+2	6.6881E-3
8.1412E+2	5.1754E-3
8.1434E+2	6.6687E-3
8.1455E+2	9.0078E-3
8.1476E+2	4.8887E-3
8.1497E+2	6.3869E-3
8.1518E+2	6.2206E-3
8.1540E+2	4.7128E-3
8.1561E+2	5.7550E-3
8.1582E+2	5.9451E-3
8.1603E+2	4.7173E-3
8.1624E+2	6.0051E-3
8.1645E+2	6.2069E-3
8.1667E+2	6.7288E-3
8.1688E+2	6.7257E-3
8.1709E+2	5.5246E-3
8.1730E+2	4.5052E-3
8.1751E+2	6.2463E-3
8.1772E+2	6.6157E-3
8.1794E+2	5.0328E-3
8.1815E+2	6.5249E-3
8.1836E+2	6.8876E-3
8.1857E+2	6.9153E-3
8.1878E+2	3.9687E-3
8.1899E+2	6.0040E-3
8.1921E+2	4.2941E-3
8.1942E+2	4.8308E-3
8.1963E+2	6.1148E-3
8.1984E+2	4.2639E-3
8.2005E+2	3.3054E-3
8.2026E+2	6.0470E-3
8.2047E+2	4.9814E-3
8.2069E+2	4.1432E-3
8.2090E+2	4.5708E-3
8.2111E+2	3.8052E-3
8.2132E+2	5.8243E-3
8.2153E+2	6.7392E-3
8.2174E+2	5.5270E-3
8.2195E+2	3.1730E-3
8.2216E+2	4.2492E-3
8.2238E+2	3.0874E-3
8.2259E+2	3.8709E-3
8.2280E+2	4.1722E-3
8.2301E+2	7.6040E-3
8.2322E+2	1.3016E-2
8.2343E+2	1.7005E-2
8.2364E+2	1.5544E-2
8.2385E+2	1.5359E-2
8.2407E+2	1.5455E-2
8.2428E+2	1.1585E-2
8.2449E+2	4.9638E-3
8.2470E+2	3.6413E-3
8.2491E+2	3.8054E-3
8.2512E+2	4.0404E-3
8.2533E+2	2.0400E-3
8.2554E+2	2.7012E-3
8.2575E+2	4.2361E-3
8.2596E+2	4.3117E-3
8.2618E+2	4.0150E-3
8.2639E+2	4.8041E-3
8.2660E+2	-2.8907E-4
8.2681E+2	4.6115E-3
8.2702E+2	4.2382E-3
8.2723E+2	4.4192E-3
8.2744E+2	6.1843E-3
8.2765E+2	2.5198E-3
8.2786E+2	4.7264E-3
8.2807E+2	2.7772E-3
8.2828E+2	1.6292E-3
8.2849E+2	4.1802E-3
8.2871E+2	3.7143E-3
8.2892E+2	3.7128E-3
8.2913E+2	2.9656E-3
8.2934E+2	4.4438E-3
8.2955E+2	4.4304E-3
8.2976E+2	5.3966E-3
8.2997E+2	3.3779E-3
8.3018E+2	3.3885E-3
8.3039E+2	3.9675E-3
8.3060E+2	2.6011E-3
8.3081E+2	2.8871E-3
