PLQY measurement:
Date: 	08.03.2023 17:28:34
Peak emission wavelength (nm): 742
 PLQY = 	 	5.03E-3
absorded light fraction (%): 95
MAYA saturard: FALSE
USB2000 saturaed: FALSE
wavelength	corrected total emission spec
6.7232E+2	1.3143E-2
6.7254E+2	1.2777E-2
6.7276E+2	1.0650E-2
6.7298E+2	7.9967E-3
6.7321E+2	1.1544E-2
6.7343E+2	6.5096E-3
6.7365E+2	1.1802E-2
6.7388E+2	1.1989E-2
6.7410E+2	1.1832E-2
6.7432E+2	1.1290E-2
6.7455E+2	1.1721E-2
6.7477E+2	1.0312E-2
6.7499E+2	9.8746E-3
6.7521E+2	6.6631E-3
6.7544E+2	9.2048E-3
6.7566E+2	1.2383E-2
6.7588E+2	1.0817E-2
6.7611E+2	1.0609E-2
6.7633E+2	1.1654E-2
6.7655E+2	1.1029E-2
6.7677E+2	3.4639E-3
6.7700E+2	1.1481E-2
6.7722E+2	7.0441E-3
6.7744E+2	1.1714E-2
6.7766E+2	1.6310E-2
6.7789E+2	7.7056E-3
6.7811E+2	1.0085E-2
6.7833E+2	1.0228E-2
6.7856E+2	1.5109E-2
6.7878E+2	1.7212E-2
6.7900E+2	1.0420E-2
6.7922E+2	1.3921E-2
6.7945E+2	1.3480E-2
6.7967E+2	1.2760E-2
6.7989E+2	1.1212E-2
6.8011E+2	1.9065E-2
6.8034E+2	1.2666E-2
6.8056E+2	6.6142E-3
6.8078E+2	1.5080E-2
6.8100E+2	1.0310E-2
6.8123E+2	1.5333E-2
6.8145E+2	1.1925E-2
6.8167E+2	1.6735E-2
6.8189E+2	1.0618E-2
6.8212E+2	9.2600E-3
6.8234E+2	1.0499E-2
6.8256E+2	1.1939E-2
6.8278E+2	1.2682E-2
6.8300E+2	1.1750E-2
6.8323E+2	1.4158E-2
6.8345E+2	1.1270E-2
6.8367E+2	9.3124E-3
6.8389E+2	1.0226E-2
6.8412E+2	1.2839E-2
6.8434E+2	1.2664E-2
6.8456E+2	1.5297E-2
6.8478E+2	1.5651E-2
6.8500E+2	1.0788E-2
6.8523E+2	9.5177E-3
6.8545E+2	1.1344E-2
6.8567E+2	1.4228E-2
6.8589E+2	1.0167E-2
6.8611E+2	1.4126E-2
6.8634E+2	1.2785E-2
6.8656E+2	1.4635E-2
6.8678E+2	1.5582E-2
6.8700E+2	1.4628E-2
6.8722E+2	1.6600E-2
6.8745E+2	1.2658E-2
6.8767E+2	1.3129E-2
6.8789E+2	1.5271E-2
6.8811E+2	1.7041E-2
6.8833E+2	1.5257E-2
6.8856E+2	1.0801E-2
6.8878E+2	1.2927E-2
6.8900E+2	1.2215E-2
6.8922E+2	1.4923E-2
6.8944E+2	1.5874E-2
6.8966E+2	1.7743E-2
6.8989E+2	1.6100E-2
6.9011E+2	1.6226E-2
6.9033E+2	1.6031E-2
6.9055E+2	1.9276E-2
6.9077E+2	1.6384E-2
6.9099E+2	1.2799E-2
6.9122E+2	1.3707E-2
6.9144E+2	1.8557E-2
6.9166E+2	1.7306E-2
6.9188E+2	1.6392E-2
6.9210E+2	1.8381E-2
6.9232E+2	1.6226E-2
6.9255E+2	1.7283E-2
6.9277E+2	1.5943E-2
6.9299E+2	2.2775E-2
6.9321E+2	1.7430E-2
6.9343E+2	1.4820E-2
6.9365E+2	1.5042E-2
6.9387E+2	2.0335E-2
6.9410E+2	1.9204E-2
6.9432E+2	2.1455E-2
6.9454E+2	2.2471E-2
6.9476E+2	1.8052E-2
6.9498E+2	1.9527E-2
6.9520E+2	2.0191E-2
6.9542E+2	1.8696E-2
6.9565E+2	1.9535E-2
6.9587E+2	1.8715E-2
6.9609E+2	2.1734E-2
6.9631E+2	1.8870E-2
6.9653E+2	1.6691E-2
6.9675E+2	2.4391E-2
6.9697E+2	2.2677E-2
6.9719E+2	2.3248E-2
6.9742E+2	2.1110E-2
6.9764E+2	2.4525E-2
6.9786E+2	2.2955E-2
6.9808E+2	2.0882E-2
6.9830E+2	2.2760E-2
6.9852E+2	2.2233E-2
6.9874E+2	2.0969E-2
6.9896E+2	2.2536E-2
6.9918E+2	2.3568E-2
6.9941E+2	2.5435E-2
6.9963E+2	2.5621E-2
6.9985E+2	2.1900E-2
7.0007E+2	2.1536E-2
7.0029E+2	2.5863E-2
7.0051E+2	2.7270E-2
7.0073E+2	2.6759E-2
7.0095E+2	2.7364E-2
7.0117E+2	2.5572E-2
7.0139E+2	2.5277E-2
7.0161E+2	2.8497E-2
7.0184E+2	3.2364E-2
7.0206E+2	2.7002E-2
7.0228E+2	3.0068E-2
7.0250E+2	3.1427E-2
7.0272E+2	3.2079E-2
7.0294E+2	2.8665E-2
7.0316E+2	3.0821E-2
7.0338E+2	2.6595E-2
7.0360E+2	3.4517E-2
7.0382E+2	3.3793E-2
7.0404E+2	3.0001E-2
7.0426E+2	2.6972E-2
7.0448E+2	3.6839E-2
7.0470E+2	3.1188E-2
7.0492E+2	2.9876E-2
7.0515E+2	3.1207E-2
7.0537E+2	3.2606E-2
7.0559E+2	3.1842E-2
7.0581E+2	3.5520E-2
7.0603E+2	3.8716E-2
7.0625E+2	4.0394E-2
7.0647E+2	3.5725E-2
7.0669E+2	3.8539E-2
7.0691E+2	3.5651E-2
7.0713E+2	3.4597E-2
7.0735E+2	3.8709E-2
7.0757E+2	4.0046E-2
7.0779E+2	3.9190E-2
7.0801E+2	5.0096E-2
7.0823E+2	4.3483E-2
7.0845E+2	4.0169E-2
7.0867E+2	4.7021E-2
7.0889E+2	4.4794E-2
7.0911E+2	4.5089E-2
7.0933E+2	4.2345E-2
7.0955E+2	4.6141E-2
7.0977E+2	4.8241E-2
7.0999E+2	4.4160E-2
7.1021E+2	4.6207E-2
7.1043E+2	5.1683E-2
7.1065E+2	5.3837E-2
7.1087E+2	4.2500E-2
7.1109E+2	5.1892E-2
7.1131E+2	5.3930E-2
7.1153E+2	5.3081E-2
7.1175E+2	5.0913E-2
7.1197E+2	5.1714E-2
7.1219E+2	5.4821E-2
7.1241E+2	5.0724E-2
7.1263E+2	5.8668E-2
7.1285E+2	6.0103E-2
7.1307E+2	5.8105E-2
7.1329E+2	5.6626E-2
7.1351E+2	6.2009E-2
7.1373E+2	6.3385E-2
7.1395E+2	6.2312E-2
7.1417E+2	6.2488E-2
7.1439E+2	6.7792E-2
7.1461E+2	6.1622E-2
7.1483E+2	6.4524E-2
7.1505E+2	6.6695E-2
7.1527E+2	6.9530E-2
7.1549E+2	7.0890E-2
7.1571E+2	7.0976E-2
7.1593E+2	6.9699E-2
7.1615E+2	6.6824E-2
7.1637E+2	7.2463E-2
7.1659E+2	7.4146E-2
7.1681E+2	7.6082E-2
7.1703E+2	7.4465E-2
7.1725E+2	8.3574E-2
7.1747E+2	8.1110E-2
7.1769E+2	8.3517E-2
7.1791E+2	8.1522E-2
7.1813E+2	8.5407E-2
7.1835E+2	8.3049E-2
7.1857E+2	8.3443E-2
7.1879E+2	8.2082E-2
7.1901E+2	8.7155E-2
7.1923E+2	9.3858E-2
7.1944E+2	8.7056E-2
7.1966E+2	9.1010E-2
7.1988E+2	9.3748E-2
7.2010E+2	9.5151E-2
7.2032E+2	9.8911E-2
7.2054E+2	9.8698E-2
7.2076E+2	9.3333E-2
7.2098E+2	9.6771E-2
7.2120E+2	1.0152E-1
7.2142E+2	1.0196E-1
7.2164E+2	9.9418E-2
7.2186E+2	1.0451E-1
7.2208E+2	1.0511E-1
7.2230E+2	1.0669E-1
7.2252E+2	1.1238E-1
7.2273E+2	1.1332E-1
7.2295E+2	1.1156E-1
7.2317E+2	1.1484E-1
7.2339E+2	1.1261E-1
7.2361E+2	1.1357E-1
7.2383E+2	1.1450E-1
7.2405E+2	1.1513E-1
7.2427E+2	1.1729E-1
7.2449E+2	1.1816E-1
7.2471E+2	1.2373E-1
7.2493E+2	1.2319E-1
7.2514E+2	1.2203E-1
7.2536E+2	1.2444E-1
7.2558E+2	1.2358E-1
7.2580E+2	1.2863E-1
7.2602E+2	1.2413E-1
7.2624E+2	1.3214E-1
7.2646E+2	1.2944E-1
7.2668E+2	1.3440E-1
7.2690E+2	1.3507E-1
7.2711E+2	1.3663E-1
7.2733E+2	1.3657E-1
7.2755E+2	1.3548E-1
7.2777E+2	1.4350E-1
7.2799E+2	1.3983E-1
7.2821E+2	1.3886E-1
7.2843E+2	1.3788E-1
7.2865E+2	1.4945E-1
7.2886E+2	1.4949E-1
7.2908E+2	1.4802E-1
7.2930E+2	1.4840E-1
7.2952E+2	1.5397E-1
7.2974E+2	1.5279E-1
7.2996E+2	1.4886E-1
7.3018E+2	1.5322E-1
7.3039E+2	1.5296E-1
7.3061E+2	1.5605E-1
7.3083E+2	1.5427E-1
7.3105E+2	1.5848E-1
7.3127E+2	1.6407E-1
7.3149E+2	1.6040E-1
7.3171E+2	1.6668E-1
7.3192E+2	1.6424E-1
7.3214E+2	1.6334E-1
7.3236E+2	1.6625E-1
7.3258E+2	1.6167E-1
7.3280E+2	1.7063E-1
7.3302E+2	1.6878E-1
7.3323E+2	1.7039E-1
7.3345E+2	1.7433E-1
7.3367E+2	1.7059E-1
7.3389E+2	1.7590E-1
7.3411E+2	1.7394E-1
7.3433E+2	1.6934E-1
7.3454E+2	1.7265E-1
7.3476E+2	1.7424E-1
7.3498E+2	1.7003E-1
7.3520E+2	1.7536E-1
7.3542E+2	1.7769E-1
7.3564E+2	1.7274E-1
7.3585E+2	1.7328E-1
7.3607E+2	1.7543E-1
7.3629E+2	1.7753E-1
7.3651E+2	1.8200E-1
7.3673E+2	1.7498E-1
7.3694E+2	1.8160E-1
7.3716E+2	1.8432E-1
7.3738E+2	1.7696E-1
7.3760E+2	1.8001E-1
7.3782E+2	1.8533E-1
7.3803E+2	1.8502E-1
7.3825E+2	1.8284E-1
7.3847E+2	1.8834E-1
7.3869E+2	1.9046E-1
7.3891E+2	1.9306E-1
7.3912E+2	1.8446E-1
7.3934E+2	1.8689E-1
7.3956E+2	1.8603E-1
7.3978E+2	1.8336E-1
7.4000E+2	1.8280E-1
7.4021E+2	1.8091E-1
7.4043E+2	1.8677E-1
7.4065E+2	1.7694E-1
7.4087E+2	1.8283E-1
7.4108E+2	1.8629E-1
7.4130E+2	1.8208E-1
7.4152E+2	1.8618E-1
7.4174E+2	1.8338E-1
7.4196E+2	1.8833E-1
7.4217E+2	1.9695E-1
7.4239E+2	1.8805E-1
7.4261E+2	1.9092E-1
7.4283E+2	1.8752E-1
7.4304E+2	1.9111E-1
7.4326E+2	1.8894E-1
7.4348E+2	1.8792E-1
7.4370E+2	1.8978E-1
7.4391E+2	1.8882E-1
7.4413E+2	1.8815E-1
7.4435E+2	1.8368E-1
7.4457E+2	1.8292E-1
7.4478E+2	1.8162E-1
7.4500E+2	1.8176E-1
7.4522E+2	1.8151E-1
7.4544E+2	1.8302E-1
7.4565E+2	1.8124E-1
7.4587E+2	1.7784E-1
7.4609E+2	1.8784E-1
7.4631E+2	1.8022E-1
7.4652E+2	1.8722E-1
7.4674E+2	1.7766E-1
7.4696E+2	1.8887E-1
7.4717E+2	1.8425E-1
7.4739E+2	1.8634E-1
7.4761E+2	1.7999E-1
7.4783E+2	1.8102E-1
7.4804E+2	1.8056E-1
7.4826E+2	1.8341E-1
7.4848E+2	1.8136E-1
7.4869E+2	1.7826E-1
7.4891E+2	1.8585E-1
7.4913E+2	1.8017E-1
7.4935E+2	1.7754E-1
7.4956E+2	1.7566E-1
7.4978E+2	1.7843E-1
7.5000E+2	1.7350E-1
7.5021E+2	1.7122E-1
7.5043E+2	1.7175E-1
7.5065E+2	1.7498E-1
7.5087E+2	1.7394E-1
7.5108E+2	1.7077E-1
7.5130E+2	1.7349E-1
7.5152E+2	1.6851E-1
7.5173E+2	1.6786E-1
7.5195E+2	1.7625E-1
7.5217E+2	1.6952E-1
7.5238E+2	1.6844E-1
7.5260E+2	1.6405E-1
7.5282E+2	1.6673E-1
7.5303E+2	1.6277E-1
7.5325E+2	1.6296E-1
7.5347E+2	1.6188E-1
7.5368E+2	1.5892E-1
7.5390E+2	1.6287E-1
7.5412E+2	1.5863E-1
7.5433E+2	1.5441E-1
7.5455E+2	1.5640E-1
7.5477E+2	1.5652E-1
7.5498E+2	1.5341E-1
7.5520E+2	1.5606E-1
7.5542E+2	1.5047E-1
7.5563E+2	1.5282E-1
7.5585E+2	1.5211E-1
7.5607E+2	1.5268E-1
7.5628E+2	1.4525E-1
7.5650E+2	1.4836E-1
7.5672E+2	1.4227E-1
7.5693E+2	1.4172E-1
7.5715E+2	1.3718E-1
7.5737E+2	1.4268E-1
7.5758E+2	1.4603E-1
7.5780E+2	1.4386E-1
7.5802E+2	1.3972E-1
7.5823E+2	1.3869E-1
7.5845E+2	1.3900E-1
7.5866E+2	1.3163E-1
7.5888E+2	1.3708E-1
7.5910E+2	1.3185E-1
7.5931E+2	1.2997E-1
7.5953E+2	1.3275E-1
7.5975E+2	1.2941E-1
7.5996E+2	1.3108E-1
7.6018E+2	1.2507E-1
7.6040E+2	1.2403E-1
7.6061E+2	1.2277E-1
7.6083E+2	1.2068E-1
7.6104E+2	1.2282E-1
7.6126E+2	1.1685E-1
7.6148E+2	1.1795E-1
7.6169E+2	1.1570E-1
7.6191E+2	1.1787E-1
7.6212E+2	1.1678E-1
7.6234E+2	1.1709E-1
7.6256E+2	1.0815E-1
7.6277E+2	1.1157E-1
7.6299E+2	1.1179E-1
7.6320E+2	1.0936E-1
7.6342E+2	1.0815E-1
7.6364E+2	1.1191E-1
7.6385E+2	1.0690E-1
7.6407E+2	1.0231E-1
7.6428E+2	1.0231E-1
7.6450E+2	9.9737E-2
7.6472E+2	1.0438E-1
7.6493E+2	9.9862E-2
7.6515E+2	9.8027E-2
7.6536E+2	9.8771E-2
7.6558E+2	9.5801E-2
7.6579E+2	9.2846E-2
7.6601E+2	9.1597E-2
7.6623E+2	9.3881E-2
7.6644E+2	8.6346E-2
7.6666E+2	8.4517E-2
7.6687E+2	8.8603E-2
7.6709E+2	8.6370E-2
7.6730E+2	8.7444E-2
7.6752E+2	8.3200E-2
7.6774E+2	8.3040E-2
7.6795E+2	8.5956E-2
7.6817E+2	8.2870E-2
7.6838E+2	7.9633E-2
7.6860E+2	7.5760E-2
7.6881E+2	7.9635E-2
7.6903E+2	7.8124E-2
7.6925E+2	7.8652E-2
7.6946E+2	8.0157E-2
7.6968E+2	8.4522E-2
7.6989E+2	8.2903E-2
7.7011E+2	7.5348E-2
7.7032E+2	7.6516E-2
7.7054E+2	7.6685E-2
7.7075E+2	7.6487E-2
7.7097E+2	6.9226E-2
7.7118E+2	6.5714E-2
7.7140E+2	6.4430E-2
7.7161E+2	6.1853E-2
7.7183E+2	6.2343E-2
7.7205E+2	6.2252E-2
7.7226E+2	6.1450E-2
7.7248E+2	6.0585E-2
7.7269E+2	5.8467E-2
7.7291E+2	5.4971E-2
7.7312E+2	5.9236E-2
7.7334E+2	5.9886E-2
7.7355E+2	5.6528E-2
7.7377E+2	5.5558E-2
7.7398E+2	5.2175E-2
7.7420E+2	5.3376E-2
7.7441E+2	5.3397E-2
7.7463E+2	5.0879E-2
7.7484E+2	5.4492E-2
7.7506E+2	5.4140E-2
7.7527E+2	5.1239E-2
7.7549E+2	5.0105E-2
7.7570E+2	4.9023E-2
7.7592E+2	5.1869E-2
7.7613E+2	4.9086E-2
7.7635E+2	4.8244E-2
7.7656E+2	4.5336E-2
7.7678E+2	4.4374E-2
7.7699E+2	4.2496E-2
7.7721E+2	4.3250E-2
7.7742E+2	4.2877E-2
7.7764E+2	4.1795E-2
7.7785E+2	4.1427E-2
7.7807E+2	3.7666E-2
7.7828E+2	3.6531E-2
7.7850E+2	3.9179E-2
7.7871E+2	3.9667E-2
7.7893E+2	3.6090E-2
7.7914E+2	3.6702E-2
7.7936E+2	3.4075E-2
7.7957E+2	3.6223E-2
7.7978E+2	3.7784E-2
7.8000E+2	3.7182E-2
7.8021E+2	3.5323E-2
7.8043E+2	3.6490E-2
7.8064E+2	3.6300E-2
7.8086E+2	3.3766E-2
7.8107E+2	3.2905E-2
7.8129E+2	3.0895E-2
7.8150E+2	3.4183E-2
7.8172E+2	3.3583E-2
7.8193E+2	3.1106E-2
7.8214E+2	3.0900E-2
7.8236E+2	3.1335E-2
7.8257E+2	2.9003E-2
7.8279E+2	2.8781E-2
7.8300E+2	2.9025E-2
7.8322E+2	2.5540E-2
7.8343E+2	3.0090E-2
7.8365E+2	3.0371E-2
7.8386E+2	2.7248E-2
7.8407E+2	2.5984E-2
7.8429E+2	2.3415E-2
7.8450E+2	2.5870E-2
7.8472E+2	2.3243E-2
7.8493E+2	2.5558E-2
7.8515E+2	2.0523E-2
7.8536E+2	2.5201E-2
7.8557E+2	2.5195E-2
7.8579E+2	2.4524E-2
7.8600E+2	2.5057E-2
7.8622E+2	2.4463E-2
7.8643E+2	2.4153E-2
7.8665E+2	2.3247E-2
7.8686E+2	2.2272E-2
7.8707E+2	2.1982E-2
7.8729E+2	2.2181E-2
7.8750E+2	1.9127E-2
7.8772E+2	2.2103E-2
7.8793E+2	1.7450E-2
7.8814E+2	1.9227E-2
7.8836E+2	1.9153E-2
7.8857E+2	2.0802E-2
7.8879E+2	1.8092E-2
7.8900E+2	1.9042E-2
7.8921E+2	1.7248E-2
7.8943E+2	1.9154E-2
7.8964E+2	1.5919E-2
7.8985E+2	1.8057E-2
7.9007E+2	2.1354E-2
7.9028E+2	1.8692E-2
7.9050E+2	1.7636E-2
7.9071E+2	1.8547E-2
7.9092E+2	1.7454E-2
7.9114E+2	1.7483E-2
7.9135E+2	1.8133E-2
7.9157E+2	1.6659E-2
7.9178E+2	1.5237E-2
7.9199E+2	1.7518E-2
7.9221E+2	1.6083E-2
7.9242E+2	1.6350E-2
7.9263E+2	1.7452E-2
7.9285E+2	1.3424E-2
7.9306E+2	1.5460E-2
7.9327E+2	1.5193E-2
7.9349E+2	1.7480E-2
7.9370E+2	1.3626E-2
7.9392E+2	1.4500E-2
7.9413E+2	1.4381E-2
7.9434E+2	1.4398E-2
7.9456E+2	1.3724E-2
7.9477E+2	1.4730E-2
7.9498E+2	1.3062E-2
7.9520E+2	1.3739E-2
7.9541E+2	1.2315E-2
7.9562E+2	1.3859E-2
7.9584E+2	1.1908E-2
7.9605E+2	1.2103E-2
7.9626E+2	1.2982E-2
7.9648E+2	1.3658E-2
7.9669E+2	1.1871E-2
7.9690E+2	1.0836E-2
7.9712E+2	1.3128E-2
7.9733E+2	1.2486E-2
7.9754E+2	1.2376E-2
7.9776E+2	1.1598E-2
7.9797E+2	1.1228E-2
7.9818E+2	1.1204E-2
7.9840E+2	1.1762E-2
7.9861E+2	1.0740E-2
7.9882E+2	1.2713E-2
7.9904E+2	1.4197E-2
7.9925E+2	9.9557E-3
7.9946E+2	1.0784E-2
7.9967E+2	1.0158E-2
7.9989E+2	9.9660E-3
8.0010E+2	9.7201E-3
8.0031E+2	1.0143E-2
8.0053E+2	1.0614E-2
8.0074E+2	1.0222E-2
8.0095E+2	9.5308E-3
8.0117E+2	9.4879E-3
8.0138E+2	9.5531E-3
8.0159E+2	1.0620E-2
8.0180E+2	1.1523E-2
8.0202E+2	8.3903E-3
8.0223E+2	6.5893E-3
8.0244E+2	9.9342E-3
8.0266E+2	8.6185E-3
8.0287E+2	6.8688E-3
8.0308E+2	9.9759E-3
8.0329E+2	9.1675E-3
8.0351E+2	8.2853E-3
8.0372E+2	8.5897E-3
8.0393E+2	9.6283E-3
8.0415E+2	8.1423E-3
8.0436E+2	1.0350E-2
8.0457E+2	6.8676E-3
8.0478E+2	8.8515E-3
8.0500E+2	8.3892E-3
8.0521E+2	1.0574E-2
8.0542E+2	1.0508E-2
8.0563E+2	9.4179E-3
8.0585E+2	9.9896E-3
8.0606E+2	9.3664E-3
8.0627E+2	7.9778E-3
8.0648E+2	7.8384E-3
8.0670E+2	8.9924E-3
8.0691E+2	7.3762E-3
8.0712E+2	8.6199E-3
8.0733E+2	7.0253E-3
8.0755E+2	7.5977E-3
8.0776E+2	8.0261E-3
8.0797E+2	7.2427E-3
8.0818E+2	5.7900E-3
8.0840E+2	8.9205E-3
8.0861E+2	6.6909E-3
8.0882E+2	6.2543E-3
8.0903E+2	7.3486E-3
8.0925E+2	8.7536E-3
8.0946E+2	7.3890E-3
8.0967E+2	5.4631E-3
8.0988E+2	8.1909E-3
8.1009E+2	4.6822E-3
8.1031E+2	6.4933E-3
8.1052E+2	6.3401E-3
8.1073E+2	6.3975E-3
8.1094E+2	6.5003E-3
8.1116E+2	7.3984E-3
8.1137E+2	7.3432E-3
