PLQY measurement:
Date: 	08.03.2023 17:34:45
Peak emission wavelength (nm): 753
 PLQY = 	 	1.91E-2
absorded light fraction (%): 109
MAYA saturard: FALSE
USB2000 saturaed: FALSE
wavelength	corrected total emission spec
6.6248E+2	1.3579E-2
6.6271E+2	7.2698E-3
6.6293E+2	1.3565E-2
6.6315E+2	1.6881E-2
6.6338E+2	9.8887E-3
6.6360E+2	7.8620E-3
6.6383E+2	1.0067E-2
6.6405E+2	1.0751E-2
6.6427E+2	1.2166E-2
6.6450E+2	1.5646E-2
6.6472E+2	1.5766E-2
6.6494E+2	9.7810E-3
6.6517E+2	1.3110E-2
6.6539E+2	1.2506E-2
6.6562E+2	1.1303E-2
6.6584E+2	1.4961E-2
6.6606E+2	7.2532E-3
6.6629E+2	1.7821E-2
6.6651E+2	1.2602E-2
6.6673E+2	1.1539E-2
6.6696E+2	9.8300E-3
6.6718E+2	1.1222E-2
6.6740E+2	1.1911E-2
6.6763E+2	1.1009E-2
6.6785E+2	1.3803E-2
6.6807E+2	8.6086E-3
6.6830E+2	1.1507E-2
6.6852E+2	1.1552E-2
6.6874E+2	1.1068E-2
6.6897E+2	1.4992E-2
6.6919E+2	1.4765E-2
6.6941E+2	1.5011E-2
6.6964E+2	8.8604E-3
6.6986E+2	1.1151E-2
6.7008E+2	1.0129E-2
6.7031E+2	5.0889E-3
6.7053E+2	1.0518E-2
6.7075E+2	9.1702E-3
6.7098E+2	1.1752E-2
6.7120E+2	1.0085E-2
6.7142E+2	1.2626E-2
6.7165E+2	9.5257E-3
6.7187E+2	1.6757E-2
6.7209E+2	1.3212E-2
6.7232E+2	1.0094E-2
6.7254E+2	1.3430E-2
6.7276E+2	1.6294E-2
6.7298E+2	1.2117E-2
6.7321E+2	1.1544E-2
6.7343E+2	9.5353E-3
6.7365E+2	1.3312E-2
6.7388E+2	1.3497E-2
6.7410E+2	8.6048E-3
6.7432E+2	1.5371E-2
6.7455E+2	7.8612E-3
6.7477E+2	7.7431E-3
6.7499E+2	1.1585E-2
6.7521E+2	9.8655E-3
6.7544E+2	1.2402E-2
6.7566E+2	9.6168E-3
6.7588E+2	1.5492E-2
6.7611E+2	1.4004E-2
6.7633E+2	1.2290E-2
6.7655E+2	1.3144E-2
6.7677E+2	1.0434E-2
6.7700E+2	1.2957E-2
6.7722E+2	1.1044E-2
6.7744E+2	1.6548E-2
6.7766E+2	1.5891E-2
6.7789E+2	1.0639E-2
6.7811E+2	1.4479E-2
6.7833E+2	1.5032E-2
6.7856E+2	1.5109E-2
6.7878E+2	1.6795E-2
6.7900E+2	1.5827E-2
6.7922E+2	1.6620E-2
6.7945E+2	1.5552E-2
6.7967E+2	1.5036E-2
6.7989E+2	1.2865E-2
6.8011E+2	1.3082E-2
6.8034E+2	1.2666E-2
6.8056E+2	1.3605E-2
6.8078E+2	1.9187E-2
6.8100E+2	1.2155E-2
6.8123E+2	1.8813E-2
6.8145E+2	1.6829E-2
6.8167E+2	1.5715E-2
6.8189E+2	1.3470E-2
6.8212E+2	1.6787E-2
6.8234E+2	1.4154E-2
6.8256E+2	1.4168E-2
6.8278E+2	1.8352E-2
6.8300E+2	1.4783E-2
6.8323E+2	1.7185E-2
6.8345E+2	1.7113E-2
6.8367E+2	1.3134E-2
6.8389E+2	1.6253E-2
6.8412E+2	1.8254E-2
6.8434E+2	9.2605E-3
6.8456E+2	1.6097E-2
6.8478E+2	2.0243E-2
6.8500E+2	1.5572E-2
6.8523E+2	1.8074E-2
6.8545E+2	1.2338E-2
6.8567E+2	1.9979E-2
6.8589E+2	1.5317E-2
6.8611E+2	1.9070E-2
6.8634E+2	1.4759E-2
6.8656E+2	1.8182E-2
6.8678E+2	1.6370E-2
6.8700E+2	2.4258E-2
6.8722E+2	1.9150E-2
6.8745E+2	1.5008E-2
6.8767E+2	1.9385E-2
6.8789E+2	1.9958E-2
6.8811E+2	2.2695E-2
6.8833E+2	2.0318E-2
6.8856E+2	1.5270E-2
6.8878E+2	1.8749E-2
6.8900E+2	1.8416E-2
6.8922E+2	1.8985E-2
6.8944E+2	2.0701E-2
6.8966E+2	1.9864E-2
6.8989E+2	1.8988E-2
6.9011E+2	2.2569E-2
6.9033E+2	1.8525E-2
6.9055E+2	2.4448E-2
6.9077E+2	1.9254E-2
6.9099E+2	2.1969E-2
6.9122E+2	1.6377E-2
6.9144E+2	2.3696E-2
6.9166E+2	2.3197E-2
6.9188E+2	2.7021E-2
6.9210E+2	2.5582E-2
6.9232E+2	2.1145E-2
6.9255E+2	2.2193E-2
6.9277E+2	2.0468E-2
6.9299E+2	2.5412E-2
6.9321E+2	2.8334E-2
6.9343E+2	2.4767E-2
6.9365E+2	2.8343E-2
6.9387E+2	2.8194E-2
6.9410E+2	2.9293E-2
6.9432E+2	2.4066E-2
6.9454E+2	2.2657E-2
6.9476E+2	2.4743E-2
6.9498E+2	2.8252E-2
6.9520E+2	2.9273E-2
6.9542E+2	2.9796E-2
6.9565E+2	2.6368E-2
6.9587E+2	2.6643E-2
6.9609E+2	2.7074E-2
6.9631E+2	2.5856E-2
6.9653E+2	3.1557E-2
6.9675E+2	3.3369E-2
6.9697E+2	3.2925E-2
6.9719E+2	3.4759E-2
6.9742E+2	3.1324E-2
6.9764E+2	3.4903E-2
6.9786E+2	3.0589E-2
6.9808E+2	3.5950E-2
6.9830E+2	3.6716E-2
6.9852E+2	3.1822E-2
6.9874E+2	3.3432E-2
6.9896E+2	3.2452E-2
6.9918E+2	3.4373E-2
6.9941E+2	4.0358E-2
6.9963E+2	4.2313E-2
6.9985E+2	3.3366E-2
7.0007E+2	3.9959E-2
7.0029E+2	3.3188E-2
7.0051E+2	3.8685E-2
7.0073E+2	3.7442E-2
7.0095E+2	3.5184E-2
7.0117E+2	3.4271E-2
7.0139E+2	3.6444E-2
7.0161E+2	4.8136E-2
7.0184E+2	4.8436E-2
7.0206E+2	4.0578E-2
7.0228E+2	4.2747E-2
7.0250E+2	4.9361E-2
7.0272E+2	4.6822E-2
7.0294E+2	4.4784E-2
7.0316E+2	4.4813E-2
7.0338E+2	4.3191E-2
7.0360E+2	5.0563E-2
7.0382E+2	5.1900E-2
7.0404E+2	4.8598E-2
7.0426E+2	4.5363E-2
7.0448E+2	4.9662E-2
7.0470E+2	5.1258E-2
7.0492E+2	5.2328E-2
7.0515E+2	5.4482E-2
7.0537E+2	5.1882E-2
7.0559E+2	5.2986E-2
7.0581E+2	5.7832E-2
7.0603E+2	5.6705E-2
7.0625E+2	5.9719E-2
7.0647E+2	5.9797E-2
7.0669E+2	6.3265E-2
7.0691E+2	6.0337E-2
7.0713E+2	5.6690E-2
7.0735E+2	6.0763E-2
7.0757E+2	6.5619E-2
7.0779E+2	6.4564E-2
7.0801E+2	6.9011E-2
7.0823E+2	6.5400E-2
7.0845E+2	7.1302E-2
7.0867E+2	6.8536E-2
7.0889E+2	7.3996E-2
7.0911E+2	7.3736E-2
7.0933E+2	7.2614E-2
7.0955E+2	7.7526E-2
7.0977E+2	8.0755E-2
7.0999E+2	7.6623E-2
7.1021E+2	7.9111E-2
7.1043E+2	8.1377E-2
7.1065E+2	8.2982E-2
7.1087E+2	8.2361E-2
7.1109E+2	8.6077E-2
7.1131E+2	9.1021E-2
7.1153E+2	8.2701E-2
7.1175E+2	8.4095E-2
7.1197E+2	8.4528E-2
7.1219E+2	9.1188E-2
7.1241E+2	9.4058E-2
7.1263E+2	1.0111E-1
7.1285E+2	1.0263E-1
7.1307E+2	1.0319E-1
7.1329E+2	1.0148E-1
7.1351E+2	1.0272E-1
7.1373E+2	1.0970E-1
7.1395E+2	1.1096E-1
7.1417E+2	1.0705E-1
7.1439E+2	1.1325E-1
7.1461E+2	1.1440E-1
7.1483E+2	1.1094E-1
7.1505E+2	1.1592E-1
7.1527E+2	1.1741E-1
7.1549E+2	1.1534E-1
7.1571E+2	1.2221E-1
7.1593E+2	1.2260E-1
7.1615E+2	1.1534E-1
7.1637E+2	1.2727E-1
7.1659E+2	1.3061E-1
7.1681E+2	1.2723E-1
7.1703E+2	1.3453E-1
7.1725E+2	1.3501E-1
7.1747E+2	1.3498E-1
7.1769E+2	1.3968E-1
7.1791E+2	1.4843E-1
7.1813E+2	1.5189E-1
7.1835E+2	1.5144E-1
7.1857E+2	1.5203E-1
7.1879E+2	1.4856E-1
7.1901E+2	1.5867E-1
7.1923E+2	1.6027E-1
7.1944E+2	1.6360E-1
7.1966E+2	1.5874E-1
7.1988E+2	1.6635E-1
7.2010E+2	1.6532E-1
7.2032E+2	1.6695E-1
7.2054E+2	1.7047E-1
7.2076E+2	1.7912E-1
7.2098E+2	1.8016E-1
7.2120E+2	1.7833E-1
7.2142E+2	1.8782E-1
7.2164E+2	1.8635E-1
7.2186E+2	1.9662E-1
7.2208E+2	1.9545E-1
7.2230E+2	1.9596E-1
7.2252E+2	2.0423E-1
7.2273E+2	2.0486E-1
7.2295E+2	2.1005E-1
7.2317E+2	2.1215E-1
7.2339E+2	2.1852E-1
7.2361E+2	2.2216E-1
7.2383E+2	2.2109E-1
7.2405E+2	2.2529E-1
7.2427E+2	2.3280E-1
7.2449E+2	2.3489E-1
7.2471E+2	2.3982E-1
7.2493E+2	2.4057E-1
7.2514E+2	2.4411E-1
7.2536E+2	2.5017E-1
7.2558E+2	2.5525E-1
7.2580E+2	2.5698E-1
7.2602E+2	2.6586E-1
7.2624E+2	2.6211E-1
7.2646E+2	2.6905E-1
7.2668E+2	2.7872E-1
7.2690E+2	2.8078E-1
7.2711E+2	2.7988E-1
7.2733E+2	2.8630E-1
7.2755E+2	2.9124E-1
7.2777E+2	2.9776E-1
7.2799E+2	3.0699E-1
7.2821E+2	3.0834E-1
7.2843E+2	3.1651E-1
7.2865E+2	3.1732E-1
7.2886E+2	3.1880E-1
7.2908E+2	3.3016E-1
7.2930E+2	3.3603E-1
7.2952E+2	3.3262E-1
7.2974E+2	3.4048E-1
7.2996E+2	3.4255E-1
7.3018E+2	3.5041E-1
7.3039E+2	3.5357E-1
7.3061E+2	3.5473E-1
7.3083E+2	3.6574E-1
7.3105E+2	3.6189E-1
7.3127E+2	3.8219E-1
7.3149E+2	3.7989E-1
7.3171E+2	3.9004E-1
7.3192E+2	4.0336E-1
7.3214E+2	4.0557E-1
7.3236E+2	4.0539E-1
7.3258E+2	4.2041E-1
7.3280E+2	4.1967E-1
7.3302E+2	4.3032E-1
7.3323E+2	4.3849E-1
7.3345E+2	4.3720E-1
7.3367E+2	4.4098E-1
7.3389E+2	4.5775E-1
7.3411E+2	4.6241E-1
7.3433E+2	4.6580E-1
7.3454E+2	4.6692E-1
7.3476E+2	4.7800E-1
7.3498E+2	4.7980E-1
7.3520E+2	4.7995E-1
7.3542E+2	4.9266E-1
7.3564E+2	4.9778E-1
7.3585E+2	4.9211E-1
7.3607E+2	5.0489E-1
7.3629E+2	5.2515E-1
7.3651E+2	5.3325E-1
7.3673E+2	5.2795E-1
7.3694E+2	5.3122E-1
7.3716E+2	5.5530E-1
7.3738E+2	5.5281E-1
7.3760E+2	5.6072E-1
7.3782E+2	5.7786E-1
7.3803E+2	5.7605E-1
7.3825E+2	5.7793E-1
7.3847E+2	5.9257E-1
7.3869E+2	5.9178E-1
7.3891E+2	6.0661E-1
7.3912E+2	5.9998E-1
7.3934E+2	6.1953E-1
7.3956E+2	6.1405E-1
7.3978E+2	6.1998E-1
7.4000E+2	6.1701E-1
7.4021E+2	6.4317E-1
7.4043E+2	6.3733E-1
7.4065E+2	6.4307E-1
7.4087E+2	6.5586E-1
7.4108E+2	6.6342E-1
7.4130E+2	6.5648E-1
7.4152E+2	6.7522E-1
7.4174E+2	6.8093E-1
7.4196E+2	6.9557E-1
7.4217E+2	7.0150E-1
7.4239E+2	7.0128E-1
7.4261E+2	7.2751E-1
7.4283E+2	7.1993E-1
7.4304E+2	7.2430E-1
7.4326E+2	7.3244E-1
7.4348E+2	7.3705E-1
7.4370E+2	7.5329E-1
7.4391E+2	7.4915E-1
7.4413E+2	7.6295E-1
7.4435E+2	7.6422E-1
7.4457E+2	7.6004E-1
7.4478E+2	7.7033E-1
7.4500E+2	7.6364E-1
7.4522E+2	7.7385E-1
7.4544E+2	7.8217E-1
7.4565E+2	7.8258E-1
7.4587E+2	7.8874E-1
7.4609E+2	7.9195E-1
7.4631E+2	8.0192E-1
7.4652E+2	8.0086E-1
7.4674E+2	8.0883E-1
7.4696E+2	8.2012E-1
7.4717E+2	8.2581E-1
7.4739E+2	8.3808E-1
7.4761E+2	8.4238E-1
7.4783E+2	8.4835E-1
7.4804E+2	8.4549E-1
7.4826E+2	8.5013E-1
7.4848E+2	8.4344E-1
7.4869E+2	8.5815E-1
7.4891E+2	8.5746E-1
7.4913E+2	8.4690E-1
7.4935E+2	8.6324E-1
7.4956E+2	8.6072E-1
7.4978E+2	8.7218E-1
7.5000E+2	8.6285E-1
7.5021E+2	8.6363E-1
7.5043E+2	8.6287E-1
7.5065E+2	8.6197E-1
7.5087E+2	8.7018E-1
7.5108E+2	8.6771E-1
7.5130E+2	8.8465E-1
7.5152E+2	8.7859E-1
7.5173E+2	8.8302E-1
7.5195E+2	8.8947E-1
7.5217E+2	8.8085E-1
7.5238E+2	8.9241E-1
7.5260E+2	8.9230E-1
7.5282E+2	9.1009E-1
7.5303E+2	8.9213E-1
7.5325E+2	9.0191E-1
7.5347E+2	9.0740E-1
7.5368E+2	8.9852E-1
7.5390E+2	9.0873E-1
7.5412E+2	8.9348E-1
7.5433E+2	9.0648E-1
7.5455E+2	9.0349E-1
7.5477E+2	8.9498E-1
7.5498E+2	9.0316E-1
7.5520E+2	9.0229E-1
7.5542E+2	8.8759E-1
7.5563E+2	9.0030E-1
7.5585E+2	8.9977E-1
7.5607E+2	8.9322E-1
7.5628E+2	8.8068E-1
7.5650E+2	8.7429E-1
7.5672E+2	8.7482E-1
7.5693E+2	8.9294E-1
7.5715E+2	8.8055E-1
7.5737E+2	8.9147E-1
7.5758E+2	9.0013E-1
7.5780E+2	8.9344E-1
7.5802E+2	8.9266E-1
7.5823E+2	8.8348E-1
7.5845E+2	8.9685E-1
7.5866E+2	8.9575E-1
7.5888E+2	8.8486E-1
7.5910E+2	8.8401E-1
7.5931E+2	8.8789E-1
7.5953E+2	8.7678E-1
7.5975E+2	8.7861E-1
7.5996E+2	8.7852E-1
7.6018E+2	8.7193E-1
7.6040E+2	8.5653E-1
7.6061E+2	8.5490E-1
7.6083E+2	8.5704E-1
7.6104E+2	8.5282E-1
7.6126E+2	8.4834E-1
7.6148E+2	8.4556E-1
7.6169E+2	8.4685E-1
7.6191E+2	8.3140E-1
7.6212E+2	8.5153E-1
7.6234E+2	8.3334E-1
7.6256E+2	8.2566E-1
7.6277E+2	8.4820E-1
7.6299E+2	8.4149E-1
7.6320E+2	8.2928E-1
7.6342E+2	8.4309E-1
7.6364E+2	8.2853E-1
7.6385E+2	8.3253E-1
7.6407E+2	8.2086E-1
7.6428E+2	8.2740E-1
7.6450E+2	8.1852E-1
7.6472E+2	8.0768E-1
7.6493E+2	8.0933E-1
7.6515E+2	8.1006E-1
7.6536E+2	8.0312E-1
7.6558E+2	7.9251E-1
7.6579E+2	7.7989E-1
7.6601E+2	7.8212E-1
7.6623E+2	7.6336E-1
7.6644E+2	7.7692E-1
7.6666E+2	7.6054E-1
7.6687E+2	7.5972E-1
7.6709E+2	7.4090E-1
7.6730E+2	7.6211E-1
7.6752E+2	7.4757E-1
7.6774E+2	7.3990E-1
7.6795E+2	7.4070E-1
7.6817E+2	7.3683E-1
7.6838E+2	7.3490E-1
7.6860E+2	7.3187E-1
7.6881E+2	7.3506E-1
7.6903E+2	7.2503E-1
7.6925E+2	7.2434E-1
7.6946E+2	7.2726E-1
7.6968E+2	7.1220E-1
7.6989E+2	7.1753E-1
7.7011E+2	6.9722E-1
7.7032E+2	6.9128E-1
7.7054E+2	6.9396E-1
7.7075E+2	6.8486E-1
7.7097E+2	6.7430E-1
7.7118E+2	6.6955E-1
7.7140E+2	6.6307E-1
7.7161E+2	6.5316E-1
7.7183E+2	6.4709E-1
7.7205E+2	6.3522E-1
7.7226E+2	6.2472E-1
7.7248E+2	6.2478E-1
7.7269E+2	6.2043E-1
7.7291E+2	6.1811E-1
7.7312E+2	6.1379E-1
7.7334E+2	6.0885E-1
7.7355E+2	5.9917E-1
7.7377E+2	5.9165E-1
7.7398E+2	5.9136E-1
7.7420E+2	5.9103E-1
7.7441E+2	5.8152E-1
7.7463E+2	5.8200E-1
7.7484E+2	5.7749E-1
7.7506E+2	5.7261E-1
7.7527E+2	5.7118E-1
7.7549E+2	5.6238E-1
7.7570E+2	5.5668E-1
7.7592E+2	5.5566E-1
7.7613E+2	5.3550E-1
7.7635E+2	5.3229E-1
7.7656E+2	5.2454E-1
7.7678E+2	5.1990E-1
7.7699E+2	5.0562E-1
7.7721E+2	5.0043E-1
7.7742E+2	4.9145E-1
7.7764E+2	4.8076E-1
7.7785E+2	4.7616E-1
7.7807E+2	4.6613E-1
7.7828E+2	4.6138E-1
7.7850E+2	4.5573E-1
7.7871E+2	4.5910E-1
7.7893E+2	4.4511E-1
7.7914E+2	4.3381E-1
7.7936E+2	4.3226E-1
7.7957E+2	4.2782E-1
7.7978E+2	4.2991E-1
7.8000E+2	4.2520E-1
7.8021E+2	4.1965E-1
7.8043E+2	4.1045E-1
7.8064E+2	4.0043E-1
7.8086E+2	3.9891E-1
7.8107E+2	4.0012E-1
7.8129E+2	3.8437E-1
7.8150E+2	3.8293E-1
7.8172E+2	3.7743E-1
7.8193E+2	3.6875E-1
7.8214E+2	3.6237E-1
7.8236E+2	3.5915E-1
7.8257E+2	3.5032E-1
7.8279E+2	3.4482E-1
7.8300E+2	3.3755E-1
7.8322E+2	3.3145E-1
7.8343E+2	3.2772E-1
7.8365E+2	3.2025E-1
7.8386E+2	3.1604E-1
7.8407E+2	3.0560E-1
7.8429E+2	3.1121E-1
7.8450E+2	3.0428E-1
7.8472E+2	2.9654E-1
7.8493E+2	2.9346E-1
7.8515E+2	2.8895E-1
7.8536E+2	2.8109E-1
7.8557E+2	2.8743E-1
7.8579E+2	2.7507E-1
7.8600E+2	2.7821E-1
7.8622E+2	2.7542E-1
7.8643E+2	2.6823E-1
7.8665E+2	2.6447E-1
7.8686E+2	2.6026E-1
7.8707E+2	2.5236E-1
7.8729E+2	2.5132E-1
7.8750E+2	2.4767E-1
7.8772E+2	2.4754E-1
7.8793E+2	2.3736E-1
7.8814E+2	2.3556E-1
7.8836E+2	2.3482E-1
7.8857E+2	2.2934E-1
7.8879E+2	2.1521E-1
7.8900E+2	2.1542E-1
7.8921E+2	2.1549E-1
7.8943E+2	2.0850E-1
7.8964E+2	2.0876E-1
7.8985E+2	2.0175E-1
7.9007E+2	1.9829E-1
7.9028E+2	1.9600E-1
7.9050E+2	1.9472E-1
7.9071E+2	1.8740E-1
7.9092E+2	1.9067E-1
7.9114E+2	1.8515E-1
7.9135E+2	1.8398E-1
7.9157E+2	1.7876E-1
7.9178E+2	1.7849E-1
7.9199E+2	1.7659E-1
7.9221E+2	1.7221E-1
7.9242E+2	1.6908E-1
7.9263E+2	1.7093E-1
7.9285E+2	1.6606E-1
7.9306E+2	1.6433E-1
7.9327E+2	1.6009E-1
7.9349E+2	1.5836E-1
7.9370E+2	1.5143E-1
7.9392E+2	1.5831E-1
7.9413E+2	1.4744E-1
7.9434E+2	1.4868E-1
7.9456E+2	1.4373E-1
7.9477E+2	1.3893E-1
7.9498E+2	1.3701E-1
7.9520E+2	1.3175E-1
7.9541E+2	1.2801E-1
7.9562E+2	1.2974E-1
7.9584E+2	1.2880E-1
7.9605E+2	1.2953E-1
7.9626E+2	1.2006E-1
7.9648E+2	1.2125E-1
7.9669E+2	1.1422E-1
7.9690E+2	1.2199E-1
7.9712E+2	1.1811E-1
7.9733E+2	1.1471E-1
7.9754E+2	1.1112E-1
7.9776E+2	1.0835E-1
7.9797E+2	1.0696E-1
7.9818E+2	1.0797E-1
7.9840E+2	1.0493E-1
7.9861E+2	1.0704E-1
7.9882E+2	1.0128E-1
7.9904E+2	9.9227E-2
7.9925E+2	9.7688E-2
7.9946E+2	9.6987E-2
7.9967E+2	9.4684E-2
7.9989E+2	9.3616E-2
8.0010E+2	9.3210E-2
8.0031E+2	9.5275E-2
8.0053E+2	8.8227E-2
8.0074E+2	8.8138E-2
8.0095E+2	8.4611E-2
8.0117E+2	8.5162E-2
8.0138E+2	8.3659E-2
8.0159E+2	8.2258E-2
8.0180E+2	7.8998E-2
8.0202E+2	7.8235E-2
8.0223E+2	7.7639E-2
8.0244E+2	7.7722E-2
8.0266E+2	7.3328E-2
8.0287E+2	7.1997E-2
8.0308E+2	7.2838E-2
8.0329E+2	7.4751E-2
8.0351E+2	7.3827E-2
8.0372E+2	7.1152E-2
8.0393E+2	6.7704E-2
8.0415E+2	6.7870E-2
8.0436E+2	6.7464E-2
8.0457E+2	6.3336E-2
8.0478E+2	6.4401E-2
8.0500E+2	6.2751E-2
8.0521E+2	6.3129E-2
8.0542E+2	6.3030E-2
8.0563E+2	6.3588E-2
8.0585E+2	6.4922E-2
8.0606E+2	6.0110E-2
8.0627E+2	6.0026E-2
8.0648E+2	5.8092E-2
8.0670E+2	5.6656E-2
8.0691E+2	5.3334E-2
8.0712E+2	5.4461E-2
8.0733E+2	5.3632E-2
8.0755E+2	5.4440E-2
8.0776E+2	5.0616E-2
8.0797E+2	5.3158E-2
8.0818E+2	4.9395E-2
8.0840E+2	5.1972E-2
8.0861E+2	4.6029E-2
8.0882E+2	5.1185E-2
8.0903E+2	4.5850E-2
8.0925E+2	4.7057E-2
8.0946E+2	4.5582E-2
8.0967E+2	4.3729E-2
8.0988E+2	4.7487E-2
8.1009E+2	4.0719E-2
8.1031E+2	4.1635E-2
8.1052E+2	4.6528E-2
8.1073E+2	4.2022E-2
8.1094E+2	4.2278E-2
8.1116E+2	4.1673E-2
8.1137E+2	4.1256E-2
8.1158E+2	3.9592E-2
8.1179E+2	4.2659E-2
8.1200E+2	3.7306E-2
8.1222E+2	3.8016E-2
8.1243E+2	3.7739E-2
8.1264E+2	3.8034E-2
8.1285E+2	3.8734E-2
8.1306E+2	3.6606E-2
8.1328E+2	3.5239E-2
8.1349E+2	3.5058E-2
8.1370E+2	3.6595E-2
8.1391E+2	3.4536E-2
8.1412E+2	3.5812E-2
8.1434E+2	3.2808E-2
8.1455E+2	3.3293E-2
8.1476E+2	3.2824E-2
8.1497E+2	3.2580E-2
8.1518E+2	2.8829E-2
8.1540E+2	2.9994E-2
8.1561E+2	3.1900E-2
8.1582E+2	2.8392E-2
8.1603E+2	2.9811E-2
8.1624E+2	3.1107E-2
8.1645E+2	3.0878E-2
8.1667E+2	2.9325E-2
8.1688E+2	2.9730E-2
8.1709E+2	3.1104E-2
8.1730E+2	2.8384E-2
8.1751E+2	2.8696E-2
8.1772E+2	2.9787E-2
8.1794E+2	2.7817E-2
8.1815E+2	2.7977E-2
8.1836E+2	2.6082E-2
8.1857E+2	2.7944E-2
8.1878E+2	2.5835E-2
8.1899E+2	2.6438E-2
8.1921E+2	2.5472E-2
8.1942E+2	2.6860E-2
8.1963E+2	2.4085E-2
8.1984E+2	2.3975E-2
8.2005E+2	2.5262E-2
8.2026E+2	2.4283E-2
8.2047E+2	2.2719E-2
8.2069E+2	2.0605E-2
8.2090E+2	2.4229E-2
8.2111E+2	2.1645E-2
8.2132E+2	2.1329E-2
8.2153E+2	2.1026E-2
8.2174E+2	2.2061E-2
8.2195E+2	1.9980E-2
8.2216E+2	2.1701E-2
8.2238E+2	2.0925E-2
8.2259E+2	2.1113E-2
8.2280E+2	1.9948E-2
8.2301E+2	1.9162E-2
8.2322E+2	2.3615E-2
8.2343E+2	2.5795E-2
8.2364E+2	1.9943E-2
8.2385E+2	2.3060E-2
8.2407E+2	2.3066E-2
8.2428E+2	2.0189E-2
8.2449E+2	1.6239E-2
8.2470E+2	1.8606E-2
8.2491E+2	1.8571E-2
8.2512E+2	1.8437E-2
8.2533E+2	1.9366E-2
8.2554E+2	1.8455E-2
8.2575E+2	1.8235E-2
8.2596E+2	1.4327E-2
8.2618E+2	1.5787E-2
8.2639E+2	1.5444E-2
8.2660E+2	1.6235E-2
8.2681E+2	1.5632E-2
8.2702E+2	1.6317E-2
8.2723E+2	1.4502E-2
8.2744E+2	1.5093E-2
8.2765E+2	1.6247E-2
8.2786E+2	1.3623E-2
8.2807E+2	1.3978E-2
8.2828E+2	1.4191E-2
8.2849E+2	1.8073E-2
8.2871E+2	1.4835E-2
8.2892E+2	1.2825E-2
8.2913E+2	1.3950E-2
8.2934E+2	1.5101E-2
8.2955E+2	1.4521E-2
8.2976E+2	1.3624E-2
8.2997E+2	1.3678E-2
8.3018E+2	1.3642E-2
8.3039E+2	1.4718E-2
8.3060E+2	1.3971E-2
8.3081E+2	1.3298E-2
8.3102E+2	1.1466E-2
8.3123E+2	1.3527E-2
8.3144E+2	1.0505E-2
8.3165E+2	1.5482E-2
8.3186E+2	1.3117E-2
8.3208E+2	1.1891E-2
8.3229E+2	1.3766E-2
8.3250E+2	1.1810E-2
8.3271E+2	1.2844E-2
8.3292E+2	1.1337E-2
8.3313E+2	1.2127E-2
8.3334E+2	1.3035E-2
8.3355E+2	1.3468E-2
8.3376E+2	1.1886E-2
8.3397E+2	8.7493E-3
8.3418E+2	1.1349E-2
8.3439E+2	9.4115E-3
8.3460E+2	8.9610E-3
8.3481E+2	9.5237E-3
8.3502E+2	1.1195E-2
8.3523E+2	1.2072E-2
8.3544E+2	9.2142E-3
8.3565E+2	1.1618E-2
8.3586E+2	1.1139E-2
8.3607E+2	1.0941E-2
8.3628E+2	1.0381E-2
8.3649E+2	1.0241E-2
8.3670E+2	9.8106E-3
8.3691E+2	9.4513E-3
8.3712E+2	1.1860E-2
8.3733E+2	1.0223E-2
8.3754E+2	9.0830E-3
8.3775E+2	1.0668E-2
8.3796E+2	9.0002E-3
8.3817E+2	8.8342E-3
8.3838E+2	1.1608E-2
8.3859E+2	8.3662E-3
8.3880E+2	1.1376E-2
8.3901E+2	9.8275E-3
8.3922E+2	1.0372E-2
8.3943E+2	8.6537E-3
8.3964E+2	9.3003E-3
8.3985E+2	9.5154E-3
8.4006E+2	1.0723E-2
8.4027E+2	1.0629E-2
8.4048E+2	8.4304E-3
8.4069E+2	8.9741E-3
8.4090E+2	7.3823E-3
8.4111E+2	6.5423E-3
8.4132E+2	9.5596E-3
8.4153E+2	8.1437E-3
8.4174E+2	8.0042E-3
8.4195E+2	7.1384E-3
8.4216E+2	1.0102E-2
8.4237E+2	7.4194E-3
8.4258E+2	7.4593E-3
8.4279E+2	7.3334E-3
8.4300E+2	7.4686E-3
8.4321E+2	6.1824E-3
8.4342E+2	8.2973E-3
8.4362E+2	6.9695E-3
8.4383E+2	7.9106E-3
8.4404E+2	9.5073E-3
8.4425E+2	7.8937E-3
8.4446E+2	7.6386E-3
8.4467E+2	7.0518E-3
8.4488E+2	7.5983E-3
8.4509E+2	9.1971E-3
8.4530E+2	5.8404E-3
8.4551E+2	7.5591E-3
8.4572E+2	9.6051E-3
8.4593E+2	5.3059E-3
8.4614E+2	7.0904E-3
8.4635E+2	7.5954E-3
8.4656E+2	8.0567E-3
8.4677E+2	5.4549E-3
8.4697E+2	5.7827E-3
8.4718E+2	9.4396E-3
8.4739E+2	7.1454E-3
8.4760E+2	7.7740E-3
8.4781E+2	5.9592E-3
8.4802E+2	7.6505E-3
8.4823E+2	7.2820E-3
8.4844E+2	5.2137E-3
8.4865E+2	7.1063E-3
8.4886E+2	6.9176E-3
8.4907E+2	6.7621E-3
8.4928E+2	7.2978E-3
8.4948E+2	8.7082E-3
8.4969E+2	5.8753E-3
8.4990E+2	6.5806E-3
8.5011E+2	7.4931E-3
8.5032E+2	7.0653E-3
8.5053E+2	6.6893E-3
8.5074E+2	6.7985E-3
8.5095E+2	6.2071E-3
8.5116E+2	5.8780E-3
8.5137E+2	6.2210E-3
8.5157E+2	6.6113E-3
8.5178E+2	7.5431E-3
8.5199E+2	6.6906E-3
8.5220E+2	6.0095E-3
8.5241E+2	8.6873E-3
8.5262E+2	4.8286E-3
8.5283E+2	4.9896E-3
8.5304E+2	6.5402E-3
8.5324E+2	8.3896E-3
8.5345E+2	6.7934E-3
8.5366E+2	5.4921E-3
8.5387E+2	6.0748E-3
8.5408E+2	6.1949E-3
8.5429E+2	4.9209E-3
8.5450E+2	6.8059E-3
8.5471E+2	5.3797E-3
8.5491E+2	5.7086E-3
8.5512E+2	5.7248E-3
8.5533E+2	6.3648E-3
8.5554E+2	6.0585E-3
8.5575E+2	6.2106E-3
8.5596E+2	5.7194E-3
8.5617E+2	6.7032E-3
8.5637E+2	5.1571E-3
8.5658E+2	5.7848E-3
8.5679E+2	5.2699E-3
8.5700E+2	5.3821E-3
8.5721E+2	5.6742E-3
8.5742E+2	5.2569E-3
8.5762E+2	6.2636E-3
8.5783E+2	5.3167E-3
8.5804E+2	5.4076E-3
8.5825E+2	5.2416E-3
8.5846E+2	7.2331E-3
8.5867E+2	6.7388E-3
8.5887E+2	5.4031E-3
8.5908E+2	5.0922E-3
8.5929E+2	5.3011E-3
8.5950E+2	5.0713E-3
8.5971E+2	4.5180E-3
8.5992E+2	5.9419E-3
8.6012E+2	5.9421E-3
8.6033E+2	5.5404E-3
8.6054E+2	5.3565E-3
8.6075E+2	5.2618E-3
8.6096E+2	5.0197E-3
8.6116E+2	6.2695E-3
8.6137E+2	4.6115E-3
8.6158E+2	5.7772E-3
8.6179E+2	5.1674E-3
8.6200E+2	4.0153E-3
8.6220E+2	7.4896E-3
8.6241E+2	4.4312E-3
8.6262E+2	5.5515E-3
8.6283E+2	2.8014E-3
8.6304E+2	5.4631E-3
8.6324E+2	5.9045E-3
8.6345E+2	4.3823E-3
8.6366E+2	4.9940E-3
8.6387E+2	5.2420E-3
8.6408E+2	5.2138E-3
8.6428E+2	3.6853E-3
8.6449E+2	3.9981E-3
8.6470E+2	5.2728E-3
8.6491E+2	5.3185E-3
8.6511E+2	5.3946E-3
8.6532E+2	5.0605E-3
8.6553E+2	6.3090E-3
8.6574E+2	5.5344E-3
8.6595E+2	5.8001E-3
8.6615E+2	4.4967E-3
8.6636E+2	4.3740E-3
8.6657E+2	5.4844E-3
8.6678E+2	3.7947E-3
8.6698E+2	4.9825E-3
8.6719E+2	5.6821E-3
8.6740E+2	5.4924E-3
8.6761E+2	6.3500E-3
