PLQY measurement:
Date: 	16.03.2023 12:16:45
Peak emission wavelength (nm): 787
 PLQY = 	 	3.16E-3
absorded light fraction (%): 94
MAYA saturard: FALSE
USB2000 saturaed: FALSE
wavelength	corrected total emission spec
6.7343E+2	5.3555E-3
6.7365E+2	5.3615E-3
6.7388E+2	1.0831E-2
6.7410E+2	5.1212E-3
6.7432E+2	1.0525E-2
6.7455E+2	7.0098E-3
6.7477E+2	1.1119E-2
6.7499E+2	7.8133E-3
6.7521E+2	5.0213E-3
6.7544E+2	5.5647E-3
6.7566E+2	6.9403E-3
6.7588E+2	5.0430E-3
6.7611E+2	3.5350E-3
6.7633E+2	6.5537E-3
6.7655E+2	7.1345E-3
6.7677E+2	4.6572E-3
6.7700E+2	8.5325E-3
6.7722E+2	6.8820E-3
6.7744E+2	5.7373E-3
6.7766E+2	1.2630E-3
6.7789E+2	1.0004E-2
6.7811E+2	6.2393E-3
6.7833E+2	6.3455E-3
6.7856E+2	1.0275E-2
6.7878E+2	5.1755E-3
6.7900E+2	1.0990E-2
6.7922E+2	6.2194E-3
6.7945E+2	4.1487E-3
6.7967E+2	4.8224E-3
6.7989E+2	5.2218E-3
6.8011E+2	8.7807E-3
6.8034E+2	6.6750E-3
6.8056E+2	5.4115E-3
6.8078E+2	1.1098E-2
6.8100E+2	6.4733E-3
6.8123E+2	9.6142E-3
6.8145E+2	8.2101E-3
6.8167E+2	2.9986E-3
6.8189E+2	9.1424E-3
6.8212E+2	8.5155E-3
6.8234E+2	6.7380E-3
6.8256E+2	6.9251E-3
6.8278E+2	9.7519E-3
6.8300E+2	6.6940E-3
6.8323E+2	6.7530E-3
6.8345E+2	8.6028E-3
6.8367E+2	9.7569E-3
6.8389E+2	6.8486E-3
6.8412E+2	6.2058E-3
6.8434E+2	7.8349E-3
6.8456E+2	9.2906E-3
6.8478E+2	6.2331E-3
6.8500E+2	1.0005E-2
6.8523E+2	7.1736E-3
6.8545E+2	6.3685E-3
6.8567E+2	8.2733E-3
6.8589E+2	9.1788E-3
6.8611E+2	8.7212E-3
6.8634E+2	6.5502E-3
6.8656E+2	8.7323E-3
6.8678E+2	4.8640E-3
6.8700E+2	1.0593E-2
6.8722E+2	1.2003E-2
6.8745E+2	5.8676E-3
6.8767E+2	8.2801E-3
6.8789E+2	9.1726E-3
6.8811E+2	6.6331E-3
6.8833E+2	7.8477E-3
6.8856E+2	8.3917E-3
6.8878E+2	7.2000E-3
6.8900E+2	7.6499E-3
6.8922E+2	1.1076E-2
6.8944E+2	7.7313E-3
6.8966E+2	9.4991E-3
6.8989E+2	8.3020E-3
6.9011E+2	5.7860E-3
6.9033E+2	5.3192E-3
6.9055E+2	6.5569E-3
6.9077E+2	8.7725E-3
6.9099E+2	7.2211E-3
6.9122E+2	5.7133E-3
6.9144E+2	6.8759E-3
6.9166E+2	6.9305E-3
6.9188E+2	6.5371E-3
6.9210E+2	7.3095E-3
6.9232E+2	8.5812E-3
6.9255E+2	6.0015E-3
6.9277E+2	7.9972E-3
6.9299E+2	5.8525E-3
6.9321E+2	1.0133E-2
6.9343E+2	7.9741E-3
6.9365E+2	1.0819E-2
6.9387E+2	7.8461E-3
6.9410E+2	8.3962E-3
6.9432E+2	1.1998E-2
6.9454E+2	7.2589E-3
6.9476E+2	6.9472E-3
6.9498E+2	7.7187E-3
6.9520E+2	9.4449E-3
6.9542E+2	6.9676E-3
6.9565E+2	1.5035E-2
6.9587E+2	7.1112E-3
6.9609E+2	7.3349E-3
6.9631E+2	5.0580E-3
6.9653E+2	9.0190E-3
6.9675E+2	8.4645E-3
6.9697E+2	9.8764E-3
6.9719E+2	9.5540E-3
6.9742E+2	4.7367E-3
6.9764E+2	6.3724E-3
6.9786E+2	6.7939E-3
6.9808E+2	1.0039E-2
6.9830E+2	7.6380E-3
6.9852E+2	7.7765E-3
6.9874E+2	1.1176E-2
6.9896E+2	7.6357E-3
6.9918E+2	1.0526E-2
6.9941E+2	1.0774E-2
6.9963E+2	1.0340E-2
6.9985E+2	8.2650E-3
7.0007E+2	1.0630E-2
7.0029E+2	8.7038E-3
7.0051E+2	7.8658E-3
7.0073E+2	8.8988E-3
7.0095E+2	1.0948E-2
7.0117E+2	9.9413E-3
7.0139E+2	9.7645E-3
7.0161E+2	8.8307E-3
7.0184E+2	8.6049E-3
7.0206E+2	-3.8876E-3
7.0228E+2	7.6798E-3
7.0250E+2	9.8340E-3
7.0272E+2	1.1451E-2
7.0294E+2	7.2605E-3
7.0316E+2	9.6229E-3
7.0338E+2	1.0137E-2
7.0360E+2	1.2234E-2
7.0382E+2	1.1846E-2
7.0404E+2	6.8738E-3
7.0426E+2	9.9709E-3
7.0448E+2	1.0930E-2
7.0470E+2	1.2693E-2
7.0492E+2	1.3154E-2
7.0515E+2	8.2668E-3
7.0537E+2	1.2144E-2
7.0559E+2	1.1853E-2
7.0581E+2	1.4561E-2
7.0603E+2	1.2305E-2
7.0625E+2	1.1481E-2
7.0647E+2	1.1449E-2
7.0669E+2	1.4276E-2
7.0691E+2	1.4063E-2
7.0713E+2	1.2884E-2
7.0735E+2	1.4203E-2
7.0757E+2	1.2092E-2
7.0779E+2	1.3747E-2
7.0801E+2	1.4777E-2
7.0823E+2	1.4444E-2
7.0845E+2	1.2958E-2
7.0867E+2	1.2049E-2
7.0889E+2	1.0397E-2
7.0911E+2	1.6394E-2
7.0933E+2	1.6342E-2
7.0955E+2	1.3076E-2
7.0977E+2	1.6469E-2
7.0999E+2	1.3903E-2
7.1021E+2	1.5355E-2
7.1043E+2	1.2158E-2
7.1065E+2	1.9567E-2
7.1087E+2	1.2875E-2
7.1109E+2	1.2993E-2
7.1131E+2	1.3270E-2
7.1153E+2	1.5804E-2
7.1175E+2	1.2833E-2
7.1197E+2	1.4127E-2
7.1219E+2	1.7063E-2
7.1241E+2	1.6724E-2
7.1263E+2	1.3152E-2
7.1285E+2	1.2296E-2
7.1307E+2	1.4013E-2
7.1329E+2	1.6005E-2
7.1351E+2	1.6816E-2
7.1373E+2	2.0187E-2
7.1395E+2	1.7255E-2
7.1417E+2	1.4432E-2
7.1439E+2	1.7828E-2
7.1461E+2	1.5656E-2
7.1483E+2	1.9238E-2
7.1505E+2	1.5747E-2
7.1527E+2	1.4798E-2
7.1549E+2	1.7730E-2
7.1571E+2	1.9620E-2
7.1593E+2	1.9675E-2
7.1615E+2	2.1321E-2
7.1637E+2	1.6825E-2
7.1659E+2	2.1118E-2
7.1681E+2	1.9008E-2
7.1703E+2	1.8056E-2
7.1725E+2	1.9703E-2
7.1747E+2	1.9713E-2
7.1769E+2	2.0152E-2
7.1791E+2	2.4639E-2
7.1813E+2	2.2038E-2
7.1835E+2	2.5045E-2
7.1857E+2	2.0463E-2
7.1879E+2	2.2274E-2
7.1901E+2	2.1333E-2
7.1923E+2	2.3081E-2
7.1944E+2	2.4703E-2
7.1966E+2	2.5962E-2
7.1988E+2	2.2734E-2
7.2010E+2	2.7156E-2
7.2032E+2	2.5315E-2
7.2054E+2	2.4839E-2
7.2076E+2	2.6862E-2
7.2098E+2	2.4702E-2
7.2120E+2	2.5564E-2
7.2142E+2	2.7383E-2
7.2164E+2	2.4298E-2
7.2186E+2	2.8803E-2
7.2208E+2	2.6221E-2
7.2230E+2	2.8117E-2
7.2252E+2	2.8259E-2
7.2273E+2	2.8718E-2
7.2295E+2	3.0256E-2
7.2317E+2	2.9332E-2
7.2339E+2	3.3342E-2
7.2361E+2	3.0236E-2
7.2383E+2	3.0298E-2
7.2405E+2	3.4552E-2
7.2427E+2	3.2668E-2
7.2449E+2	2.9833E-2
7.2471E+2	2.7631E-2
7.2493E+2	3.2802E-2
7.2514E+2	3.2244E-2
7.2536E+2	3.3135E-2
7.2558E+2	3.2015E-2
7.2580E+2	3.1446E-2
7.2602E+2	3.4270E-2
7.2624E+2	3.6101E-2
7.2646E+2	3.5956E-2
7.2668E+2	3.6006E-2
7.2690E+2	3.8132E-2
7.2711E+2	3.8907E-2
7.2733E+2	3.6480E-2
7.2755E+2	3.7624E-2
7.2777E+2	3.7314E-2
7.2799E+2	3.6531E-2
7.2821E+2	3.8210E-2
7.2843E+2	4.4308E-2
7.2865E+2	3.9040E-2
7.2886E+2	3.9115E-2
7.2908E+2	3.9414E-2
7.2930E+2	4.4781E-2
7.2952E+2	4.4309E-2
7.2974E+2	4.5118E-2
7.2996E+2	4.5864E-2
7.3018E+2	4.8975E-2
7.3039E+2	4.7725E-2
7.3061E+2	4.4658E-2
7.3083E+2	4.6628E-2
7.3105E+2	4.6976E-2
7.3127E+2	5.0359E-2
7.3149E+2	5.1158E-2
7.3171E+2	4.7859E-2
7.3192E+2	5.2893E-2
7.3214E+2	5.1285E-2
7.3236E+2	5.2709E-2
7.3258E+2	5.1779E-2
7.3280E+2	5.3285E-2
7.3302E+2	5.5494E-2
7.3323E+2	5.6045E-2
7.3345E+2	5.9359E-2
7.3367E+2	5.8291E-2
7.3389E+2	6.2161E-2
7.3411E+2	6.0188E-2
7.3433E+2	5.8359E-2
7.3454E+2	6.1875E-2
7.3476E+2	6.0119E-2
7.3498E+2	6.0640E-2
7.3520E+2	6.0449E-2
7.3542E+2	6.2789E-2
7.3564E+2	6.2641E-2
7.3585E+2	6.6434E-2
7.3607E+2	6.6645E-2
7.3629E+2	6.7043E-2
7.3651E+2	6.5910E-2
7.3673E+2	7.0285E-2
7.3694E+2	7.0382E-2
7.3716E+2	7.3401E-2
7.3738E+2	7.1763E-2
7.3760E+2	7.6837E-2
7.3782E+2	7.4272E-2
7.3803E+2	7.5310E-2
7.3825E+2	7.6391E-2
7.3847E+2	7.8458E-2
7.3869E+2	7.8160E-2
7.3891E+2	7.7110E-2
7.3912E+2	7.7335E-2
7.3934E+2	8.2938E-2
7.3956E+2	7.8944E-2
7.3978E+2	8.4153E-2
7.4000E+2	8.2004E-2
7.4021E+2	8.3234E-2
7.4043E+2	8.4889E-2
7.4065E+2	8.5338E-2
7.4087E+2	8.4972E-2
7.4108E+2	9.1988E-2
7.4130E+2	9.3698E-2
7.4152E+2	9.1317E-2
7.4174E+2	9.1363E-2
7.4196E+2	9.5731E-2
7.4217E+2	9.6744E-2
7.4239E+2	9.8389E-2
7.4261E+2	9.8614E-2
7.4283E+2	1.0158E-1
7.4304E+2	1.0063E-1
7.4326E+2	1.0500E-1
7.4348E+2	1.0643E-1
7.4370E+2	1.0840E-1
7.4391E+2	1.0745E-1
7.4413E+2	1.0676E-1
7.4435E+2	1.0925E-1
7.4457E+2	1.1176E-1
7.4478E+2	1.0994E-1
7.4500E+2	1.0930E-1
7.4522E+2	1.1559E-1
7.4544E+2	1.1904E-1
7.4565E+2	1.1910E-1
7.4587E+2	1.1967E-1
7.4609E+2	1.1936E-1
7.4631E+2	1.2422E-1
7.4652E+2	1.2311E-1
7.4674E+2	1.2444E-1
7.4696E+2	1.2439E-1
7.4717E+2	1.2813E-1
7.4739E+2	1.2997E-1
7.4761E+2	1.3483E-1
7.4783E+2	1.3429E-1
7.4804E+2	1.3847E-1
7.4826E+2	1.3771E-1
7.4848E+2	1.3976E-1
7.4869E+2	1.4164E-1
7.4891E+2	1.4223E-1
7.4913E+2	1.4098E-1
7.4935E+2	1.4179E-1
7.4956E+2	1.4631E-1
7.4978E+2	1.4829E-1
7.5000E+2	1.5203E-1
7.5021E+2	1.4630E-1
7.5043E+2	1.5194E-1
7.5065E+2	1.5138E-1
7.5087E+2	1.5945E-1
7.5108E+2	1.5758E-1
7.5130E+2	1.5890E-1
7.5152E+2	1.6188E-1
7.5173E+2	1.5794E-1
7.5195E+2	1.7175E-1
7.5217E+2	1.7022E-1
7.5238E+2	1.7195E-1
7.5260E+2	1.7185E-1
7.5282E+2	1.7381E-1
7.5303E+2	1.7806E-1
7.5325E+2	1.8219E-1
7.5347E+2	1.7945E-1
7.5368E+2	1.8906E-1
7.5390E+2	1.8486E-1
7.5412E+2	1.8116E-1
7.5433E+2	1.8592E-1
7.5455E+2	1.8853E-1
7.5477E+2	1.9314E-1
7.5498E+2	1.8933E-1
7.5520E+2	1.9724E-1
7.5542E+2	1.9698E-1
7.5563E+2	2.0053E-1
7.5585E+2	1.9962E-1
7.5607E+2	2.0537E-1
7.5628E+2	2.0500E-1
7.5650E+2	2.0854E-1
7.5672E+2	2.0486E-1
7.5693E+2	2.1082E-1
7.5715E+2	2.0863E-1
7.5737E+2	2.1919E-1
7.5758E+2	2.1972E-1
7.5780E+2	2.2332E-1
7.5802E+2	2.2492E-1
7.5823E+2	2.2672E-1
7.5845E+2	2.2808E-1
7.5866E+2	2.3596E-1
7.5888E+2	2.3478E-1
7.5910E+2	2.3738E-1
7.5931E+2	2.4079E-1
7.5953E+2	2.3935E-1
7.5975E+2	2.4239E-1
7.5996E+2	2.4824E-1
7.6018E+2	2.4789E-1
7.6040E+2	2.4615E-1
7.6061E+2	2.4789E-1
7.6083E+2	2.4786E-1
7.6104E+2	2.5532E-1
7.6126E+2	2.5170E-1
7.6148E+2	2.5605E-1
7.6169E+2	2.5718E-1
7.6191E+2	2.6489E-1
7.6212E+2	2.6459E-1
7.6234E+2	2.7073E-1
7.6256E+2	2.7260E-1
7.6277E+2	2.7468E-1
7.6299E+2	2.7587E-1
7.6320E+2	2.7672E-1
7.6342E+2	2.8736E-1
7.6364E+2	2.8659E-1
7.6385E+2	2.8495E-1
7.6407E+2	3.0408E-1
7.6428E+2	2.9427E-1
7.6450E+2	2.9889E-1
7.6472E+2	3.0046E-1
7.6493E+2	3.0604E-1
7.6515E+2	3.0982E-1
7.6536E+2	3.0689E-1
7.6558E+2	3.1331E-1
7.6579E+2	3.0737E-1
7.6601E+2	3.1483E-1
7.6623E+2	3.1809E-1
7.6644E+2	3.1859E-1
7.6666E+2	3.1339E-1
7.6687E+2	3.1957E-1
7.6709E+2	3.1833E-1
7.6730E+2	3.2449E-1
7.6752E+2	3.3779E-1
7.6774E+2	3.3509E-1
7.6795E+2	3.3539E-1
7.6817E+2	3.4053E-1
7.6838E+2	3.4634E-1
7.6860E+2	3.4565E-1
7.6881E+2	3.4661E-1
7.6903E+2	3.5599E-1
7.6925E+2	3.5949E-1
7.6946E+2	3.6066E-1
7.6968E+2	3.7181E-1
7.6989E+2	3.7308E-1
7.7011E+2	3.7568E-1
7.7032E+2	3.7610E-1
7.7054E+2	3.7796E-1
7.7075E+2	3.7423E-1
7.7097E+2	3.7542E-1
7.7118E+2	3.7827E-1
7.7140E+2	3.7962E-1
7.7161E+2	3.8507E-1
7.7183E+2	3.9054E-1
7.7205E+2	3.8426E-1
7.7226E+2	3.9127E-1
7.7248E+2	3.9364E-1
7.7269E+2	3.8947E-1
7.7291E+2	3.9461E-1
7.7312E+2	3.9944E-1
7.7334E+2	3.9755E-1
7.7355E+2	4.0516E-1
7.7377E+2	4.0892E-1
7.7398E+2	4.1078E-1
7.7420E+2	4.2111E-1
7.7441E+2	4.2378E-1
7.7463E+2	4.3214E-1
7.7484E+2	4.3613E-1
7.7506E+2	4.3515E-1
7.7527E+2	4.4726E-1
7.7549E+2	4.3898E-1
7.7570E+2	4.4287E-1
7.7592E+2	4.4842E-1
7.7613E+2	4.4749E-1
7.7635E+2	4.4928E-1
7.7656E+2	4.5157E-1
7.7678E+2	4.4896E-1
7.7699E+2	4.5215E-1
7.7721E+2	4.5351E-1
7.7742E+2	4.4921E-1
7.7764E+2	4.5181E-1
7.7785E+2	4.5584E-1
7.7807E+2	4.4854E-1
7.7828E+2	4.5060E-1
7.7850E+2	4.4860E-1
7.7871E+2	4.6163E-1
7.7893E+2	4.5935E-1
7.7914E+2	4.5702E-1
7.7936E+2	4.6274E-1
7.7957E+2	4.6738E-1
7.7978E+2	4.7332E-1
7.8000E+2	4.7579E-1
7.8021E+2	4.7509E-1
7.8043E+2	4.8117E-1
7.8064E+2	4.8408E-1
7.8086E+2	4.8195E-1
7.8107E+2	4.9094E-1
7.8129E+2	4.8334E-1
7.8150E+2	4.8513E-1
7.8172E+2	4.8344E-1
7.8193E+2	4.9057E-1
7.8214E+2	4.8938E-1
7.8236E+2	4.8714E-1
7.8257E+2	4.8816E-1
7.8279E+2	4.8527E-1
7.8300E+2	4.9046E-1
7.8322E+2	4.8486E-1
7.8343E+2	4.8353E-1
7.8365E+2	4.8704E-1
7.8386E+2	4.8358E-1
7.8407E+2	4.8419E-1
7.8429E+2	4.9102E-1
7.8450E+2	4.8440E-1
7.8472E+2	4.8185E-1
7.8493E+2	4.8854E-1
7.8515E+2	4.9120E-1
7.8536E+2	4.9310E-1
7.8557E+2	4.9364E-1
7.8579E+2	4.9973E-1
7.8600E+2	4.9820E-1
7.8622E+2	5.0053E-1
7.8643E+2	5.0050E-1
7.8665E+2	5.0492E-1
7.8686E+2	5.0202E-1
7.8707E+2	5.0184E-1
7.8729E+2	5.0918E-1
7.8750E+2	4.9819E-1
7.8772E+2	4.9876E-1
7.8793E+2	4.9039E-1
7.8814E+2	4.9156E-1
7.8836E+2	4.9878E-1
7.8857E+2	4.8970E-1
7.8879E+2	4.8626E-1
7.8900E+2	4.8639E-1
7.8921E+2	4.8073E-1
7.8943E+2	4.8840E-1
7.8964E+2	4.7880E-1
7.8985E+2	4.7709E-1
7.9007E+2	4.7617E-1
7.9028E+2	4.7525E-1
7.9050E+2	4.7529E-1
7.9071E+2	4.7917E-1
7.9092E+2	4.7545E-1
7.9114E+2	4.7328E-1
7.9135E+2	4.6893E-1
7.9157E+2	4.7749E-1
7.9178E+2	4.6811E-1
7.9199E+2	4.7664E-1
7.9221E+2	4.7798E-1
7.9242E+2	4.7772E-1
7.9263E+2	4.7877E-1
7.9285E+2	4.7247E-1
7.9306E+2	4.7510E-1
7.9327E+2	4.6442E-1
7.9349E+2	4.6438E-1
7.9370E+2	4.6398E-1
7.9392E+2	4.5865E-1
7.9413E+2	4.5806E-1
7.9434E+2	4.5626E-1
7.9456E+2	4.4734E-1
7.9477E+2	4.4227E-1
7.9498E+2	4.3737E-1
7.9520E+2	4.3625E-1
7.9541E+2	4.3188E-1
7.9562E+2	4.2888E-1
7.9584E+2	4.2985E-1
7.9605E+2	4.2496E-1
7.9626E+2	4.1913E-1
7.9648E+2	4.1366E-1
7.9669E+2	4.1600E-1
7.9690E+2	4.0857E-1
7.9712E+2	4.0573E-1
7.9733E+2	4.0781E-1
7.9754E+2	3.9687E-1
7.9776E+2	3.9548E-1
7.9797E+2	4.0070E-1
7.9818E+2	4.0092E-1
7.9840E+2	3.9020E-1
7.9861E+2	3.8926E-1
7.9882E+2	3.8804E-1
7.9904E+2	3.9419E-1
7.9925E+2	3.8973E-1
7.9946E+2	3.8416E-1
7.9967E+2	3.8228E-1
7.9989E+2	3.7640E-1
8.0010E+2	3.7174E-1
8.0031E+2	3.6325E-1
8.0053E+2	3.6093E-1
8.0074E+2	3.5953E-1
8.0095E+2	3.4801E-1
8.0117E+2	3.4851E-1
8.0138E+2	3.4398E-1
8.0159E+2	3.4032E-1
8.0180E+2	3.3391E-1
8.0202E+2	3.3419E-1
8.0223E+2	3.3017E-1
8.0244E+2	3.2781E-1
8.0266E+2	3.2574E-1
8.0287E+2	3.1789E-1
8.0308E+2	3.1343E-1
8.0329E+2	3.1407E-1
8.0351E+2	3.1403E-1
8.0372E+2	3.0852E-1
8.0393E+2	3.0850E-1
8.0415E+2	3.0504E-1
8.0436E+2	3.0449E-1
8.0457E+2	2.8731E-1
8.0478E+2	2.8934E-1
8.0500E+2	2.9959E-1
8.0521E+2	2.9256E-1
8.0542E+2	2.8836E-1
8.0563E+2	2.8456E-1
8.0585E+2	2.7886E-1
8.0606E+2	2.7868E-1
8.0627E+2	2.7150E-1
8.0648E+2	2.6794E-1
8.0670E+2	2.6803E-1
8.0691E+2	2.5866E-1
8.0712E+2	2.5332E-1
8.0733E+2	2.4561E-1
8.0755E+2	2.4876E-1
8.0776E+2	2.4766E-1
8.0797E+2	2.4397E-1
8.0818E+2	2.3863E-1
8.0840E+2	2.3495E-1
8.0861E+2	2.3475E-1
8.0882E+2	2.2883E-1
8.0903E+2	2.2667E-1
8.0925E+2	2.2339E-1
8.0946E+2	2.2147E-1
8.0967E+2	2.1942E-1
8.0988E+2	2.2199E-1
8.1009E+2	2.1585E-1
8.1031E+2	2.1394E-1
8.1052E+2	2.1335E-1
8.1073E+2	2.1129E-1
8.1094E+2	2.0340E-1
8.1116E+2	2.0111E-1
8.1137E+2	2.0331E-1
8.1158E+2	1.9752E-1
8.1179E+2	1.9095E-1
8.1200E+2	1.8871E-1
8.1222E+2	1.9071E-1
8.1243E+2	1.8426E-1
8.1264E+2	1.8458E-1
8.1285E+2	1.7796E-1
8.1306E+2	1.7463E-1
8.1328E+2	1.7845E-1
8.1349E+2	1.6689E-1
8.1370E+2	1.6948E-1
8.1391E+2	1.6305E-1
8.1412E+2	1.6297E-1
8.1434E+2	1.6141E-1
8.1455E+2	1.5598E-1
8.1476E+2	1.5635E-1
8.1497E+2	1.5534E-1
8.1518E+2	1.5165E-1
8.1540E+2	1.4891E-1
8.1561E+2	1.4919E-1
8.1582E+2	1.4528E-1
8.1603E+2	1.4024E-1
8.1624E+2	1.4274E-1
8.1645E+2	1.4012E-1
8.1667E+2	1.3883E-1
8.1688E+2	1.3605E-1
8.1709E+2	1.3729E-1
8.1730E+2	1.3327E-1
8.1751E+2	1.3108E-1
8.1772E+2	1.2968E-1
8.1794E+2	1.3066E-1
8.1815E+2	1.2907E-1
8.1836E+2	1.2467E-1
8.1857E+2	1.2205E-1
8.1878E+2	1.2048E-1
8.1899E+2	1.1751E-1
8.1921E+2	1.1547E-1
8.1942E+2	1.1617E-1
8.1963E+2	1.1192E-1
8.1984E+2	1.0897E-1
8.2005E+2	1.1172E-1
8.2026E+2	1.0941E-1
8.2047E+2	1.0482E-1
8.2069E+2	1.0511E-1
8.2090E+2	1.0516E-1
8.2111E+2	1.0273E-1
8.2132E+2	9.6069E-2
8.2153E+2	9.4998E-2
8.2174E+2	9.9153E-2
8.2195E+2	9.6707E-2
8.2216E+2	9.6612E-2
8.2238E+2	8.7662E-2
8.2259E+2	9.0375E-2
8.2280E+2	8.8705E-2
8.2301E+2	8.8860E-2
8.2322E+2	8.8185E-2
8.2343E+2	8.9742E-2
8.2364E+2	9.0016E-2
8.2385E+2	8.7663E-2
8.2407E+2	8.4715E-2
8.2428E+2	8.0736E-2
8.2449E+2	7.9954E-2
8.2470E+2	7.9398E-2
8.2491E+2	7.9097E-2
8.2512E+2	7.6786E-2
8.2533E+2	7.5351E-2
8.2554E+2	7.4545E-2
8.2575E+2	7.5423E-2
8.2596E+2	7.0482E-2
8.2618E+2	7.0108E-2
8.2639E+2	7.0628E-2
8.2660E+2	6.6127E-2
8.2681E+2	7.0033E-2
8.2702E+2	6.5931E-2
8.2723E+2	6.2098E-2
8.2744E+2	6.2674E-2
8.2765E+2	6.3238E-2
8.2786E+2	6.0678E-2
8.2807E+2	5.9339E-2
8.2828E+2	6.1180E-2
8.2849E+2	5.9598E-2
8.2871E+2	5.7789E-2
8.2892E+2	5.7490E-2
8.2913E+2	5.7415E-2
8.2934E+2	5.9701E-2
8.2955E+2	5.3622E-2
8.2976E+2	5.4658E-2
8.2997E+2	5.4522E-2
8.3018E+2	5.3636E-2
8.3039E+2	5.1314E-2
8.3060E+2	5.1963E-2
8.3081E+2	5.2442E-2
8.3102E+2	5.1416E-2
8.3123E+2	5.1128E-2
8.3144E+2	4.9531E-2
8.3165E+2	4.9742E-2
8.3186E+2	4.8596E-2
8.3208E+2	4.6167E-2
8.3229E+2	4.6467E-2
8.3250E+2	4.6223E-2
8.3271E+2	4.5980E-2
8.3292E+2	4.5696E-2
8.3313E+2	4.2775E-2
8.3334E+2	4.3601E-2
8.3355E+2	4.0840E-2
8.3376E+2	4.4377E-2
8.3397E+2	4.1739E-2
8.3418E+2	3.8751E-2
8.3439E+2	4.0497E-2
8.3460E+2	3.9209E-2
8.3481E+2	3.7707E-2
8.3502E+2	3.7608E-2
8.3523E+2	3.6683E-2
8.3544E+2	3.6603E-2
8.3565E+2	3.7563E-2
8.3586E+2	3.6433E-2
8.3607E+2	3.4175E-2
8.3628E+2	3.4502E-2
8.3649E+2	3.5224E-2
8.3670E+2	3.4180E-2
8.3691E+2	3.1959E-2
8.3712E+2	3.6006E-2
8.3733E+2	3.2168E-2
8.3754E+2	3.0587E-2
8.3775E+2	3.1535E-2
8.3796E+2	3.2794E-2
8.3817E+2	3.0027E-2
8.3838E+2	2.9637E-2
8.3859E+2	3.1576E-2
8.3880E+2	2.8568E-2
8.3901E+2	2.8033E-2
8.3922E+2	2.9647E-2
8.3943E+2	2.8552E-2
8.3964E+2	2.8747E-2
8.3985E+2	2.8711E-2
8.4006E+2	2.7070E-2
8.4027E+2	2.5637E-2
8.4048E+2	2.7457E-2
8.4069E+2	2.5168E-2
8.4090E+2	2.5607E-2
8.4111E+2	2.4585E-2
8.4132E+2	2.4360E-2
8.4153E+2	2.3425E-2
8.4174E+2	2.2242E-2
8.4195E+2	2.1545E-2
8.4216E+2	2.4085E-2
8.4237E+2	2.3406E-2
8.4258E+2	2.2548E-2
8.4279E+2	2.1489E-2
8.4300E+2	2.1703E-2
8.4321E+2	2.2327E-2
8.4342E+2	2.1816E-2
8.4362E+2	2.3483E-2
8.4383E+2	2.0102E-2
8.4404E+2	1.9206E-2
8.4425E+2	2.0348E-2
8.4446E+2	2.0622E-2
8.4467E+2	1.8586E-2
8.4488E+2	2.0276E-2
8.4509E+2	1.8971E-2
8.4530E+2	2.1253E-2
8.4551E+2	1.8493E-2
8.4572E+2	1.9267E-2
8.4593E+2	1.6905E-2
8.4614E+2	1.8283E-2
8.4635E+2	1.7044E-2
8.4656E+2	1.6116E-2
8.4677E+2	1.5907E-2
8.4697E+2	1.4347E-2
8.4718E+2	1.8541E-2
8.4739E+2	1.7079E-2
8.4760E+2	1.5192E-2
8.4781E+2	1.6258E-2
8.4802E+2	1.7595E-2
8.4823E+2	1.5508E-2
8.4844E+2	1.5569E-2
8.4865E+2	1.6555E-2
8.4886E+2	1.4055E-2
8.4907E+2	1.5082E-2
8.4928E+2	1.6464E-2
8.4948E+2	1.4413E-2
8.4969E+2	1.3562E-2
8.4990E+2	1.4599E-2
8.5011E+2	1.3198E-2
8.5032E+2	1.3724E-2
8.5053E+2	1.4193E-2
8.5074E+2	1.2488E-2
8.5095E+2	1.1065E-2
8.5116E+2	1.2910E-2
8.5137E+2	1.1872E-2
8.5157E+2	1.0730E-2
8.5178E+2	1.2266E-2
8.5199E+2	1.1852E-2
8.5220E+2	1.3732E-2
8.5241E+2	1.2791E-2
8.5262E+2	1.1764E-2
8.5283E+2	1.2812E-2
8.5304E+2	1.3459E-2
8.5324E+2	1.0724E-2
8.5345E+2	9.7549E-3
8.5366E+2	1.1440E-2
8.5387E+2	1.0694E-2
8.5408E+2	9.4328E-3
8.5429E+2	1.0521E-2
8.5450E+2	1.0750E-2
8.5471E+2	1.1122E-2
8.5491E+2	1.0852E-2
8.5512E+2	1.0990E-2
8.5533E+2	1.1465E-2
8.5554E+2	1.0147E-2
8.5575E+2	1.0341E-2
8.5596E+2	9.4705E-3
8.5617E+2	8.8058E-3
8.5637E+2	1.0427E-2
8.5658E+2	9.6937E-3
8.5679E+2	7.5739E-3
8.5700E+2	1.0541E-2
8.5721E+2	1.0845E-2
8.5742E+2	8.9317E-3
8.5762E+2	9.6250E-3
8.5783E+2	1.0674E-2
8.5804E+2	8.7429E-3
8.5825E+2	7.9638E-3
8.5846E+2	1.0857E-2
8.5867E+2	9.4481E-3
8.5887E+2	7.9528E-3
8.5908E+2	9.7637E-3
8.5929E+2	7.7986E-3
8.5950E+2	8.2916E-3
8.5971E+2	1.1467E-2
8.5992E+2	7.3811E-3
8.6012E+2	8.2525E-3
8.6033E+2	7.3359E-3
8.6054E+2	9.6747E-3
8.6075E+2	7.0329E-3
8.6096E+2	7.8816E-3
8.6116E+2	8.8851E-3
8.6137E+2	9.6652E-3
8.6158E+2	7.5733E-3
8.6179E+2	7.6082E-3
8.6200E+2	7.3507E-3
8.6220E+2	9.0198E-3
8.6241E+2	7.0249E-3
8.6262E+2	8.3674E-3
8.6283E+2	7.3529E-3
8.6304E+2	6.4817E-3
8.6324E+2	7.4919E-3
8.6345E+2	8.1179E-3
8.6366E+2	8.2963E-3
8.6387E+2	6.9772E-3
8.6408E+2	6.0655E-3
8.6428E+2	6.1637E-3
8.6449E+2	6.9679E-3
8.6470E+2	5.0055E-3
8.6491E+2	7.0957E-3
8.6511E+2	8.8190E-3
8.6532E+2	5.2656E-3
8.6553E+2	7.4830E-3
8.6574E+2	7.9147E-3
8.6595E+2	5.9684E-3
8.6615E+2	5.1935E-3
8.6636E+2	7.9404E-3
8.6657E+2	5.9876E-3
8.6678E+2	7.5918E-3
8.6698E+2	6.4663E-3
8.6719E+2	5.2888E-3
8.6740E+2	7.2386E-3
8.6761E+2	5.5318E-3
8.6781E+2	6.9820E-3
8.6802E+2	5.2632E-3
8.6823E+2	7.0532E-3
8.6844E+2	5.2994E-3
8.6864E+2	6.3131E-3
8.6885E+2	6.3314E-3
8.6906E+2	5.9522E-3
8.6927E+2	5.0722E-3
8.6947E+2	3.3053E-3
8.6968E+2	5.4196E-3
8.6989E+2	6.2270E-3
8.7010E+2	5.0586E-3
8.7030E+2	6.4771E-3
8.7051E+2	6.8414E-3
8.7072E+2	7.3155E-3
8.7093E+2	3.5056E-3
8.7113E+2	7.6932E-3
8.7134E+2	4.0262E-3
8.7155E+2	3.8308E-3
8.7175E+2	5.5397E-3
8.7196E+2	4.8306E-3
8.7217E+2	5.2933E-3
8.7238E+2	5.6120E-3
8.7258E+2	4.7758E-3
8.7279E+2	5.5162E-3
8.7300E+2	5.4770E-3
8.7320E+2	4.1029E-3
8.7341E+2	5.1789E-3
8.7362E+2	5.3651E-3
8.7383E+2	4.3602E-3
8.7403E+2	4.6447E-3
8.7424E+2	5.8781E-3
8.7445E+2	5.1214E-3
8.7465E+2	4.9664E-3
8.7486E+2	5.8819E-3
8.7507E+2	6.7923E-3
8.7527E+2	5.0448E-3
8.7548E+2	4.7507E-3
8.7569E+2	5.7544E-3
8.7590E+2	7.3674E-3
8.7610E+2	5.6415E-3
8.7631E+2	4.6803E-3
8.7652E+2	7.4835E-3
8.7672E+2	4.7699E-3
8.7693E+2	5.2820E-3
8.7714E+2	5.3241E-3
8.7734E+2	6.1677E-3
